2.019031100000000000e+07 2.969080199999999877e+03 3.026992499999999836e+03 2.963583399999999983e+03 3.028254300000000057e+03 4.262130290000000000e+08 4.043684203000000119e+08 1.923699999999999966e+00
2.019031200000000000e+07 3.049084400000000187e+03 3.060307299999999941e+03 3.029899899999999889e+03 3.093391299999999774e+03 5.111731580000000000e+08 4.870666301999999881e+08 1.100600000000000023e+00
2.019031300000000000e+07 3.062326700000000073e+03 3.026951300000000174e+03 3.013931900000000041e+03 3.065288399999999911e+03 4.532146250000000000e+08 4.512473036999999881e+08 -1.090000000000000080e+00
2.019031400000000000e+07 3.013597000000000207e+03 2.990684999999999945e+03 2.968823699999999917e+03 3.041155699999999797e+03 3.731417980000000000e+08 3.562403511999999881e+08 -1.198099999999999943e+00
2.019031500000000000e+07 3.000878900000000158e+03 3.021751200000000154e+03 2.999431700000000092e+03 3.048121200000000044e+03 3.412061390000000000e+08 3.447215026999999881e+08 1.038799999999999946e+00
2.019031800000000000e+07 3.027801199999999881e+03 3.096417600000000220e+03 3.009507099999999809e+03 3.096417600000000220e+03 3.977971790000000000e+08 3.984696048000000119e+08 2.471000000000000085e+00
2.019031900000000000e+07 3.099897100000000137e+03 3.090974999999999909e+03 3.076362700000000132e+03 3.113432499999999891e+03 3.509088600000000000e+08 3.532167913000000119e+08 -1.758000000000000118e-01
2.019032000000000000e+07 3.084170399999999972e+03 3.090640300000000025e+03 3.053451900000000023e+03 3.102520300000000134e+03 3.585575050000000000e+08 3.492954055000000000e+08 -1.080000000000000057e-02
2.019032100000000000e+07 3.094124699999999848e+03 3.101454999999999927e+03 3.086849999999999909e+03 3.125019200000000183e+03 4.142511820000000000e+08 4.039398346999999881e+08 3.498999999999999888e-01
2.019032200000000000e+07 3.100726400000000012e+03 3.104148700000000190e+03 3.064884000000000015e+03 3.107275399999999991e+03 3.648483460000000000e+08 3.566783350000000000e+08 8.690000000000000502e-02
2.019032500000000000e+07 3.058801599999999780e+03 3.043031300000000101e+03 3.041950400000000172e+03 3.086996099999999842e+03 3.802787620000000000e+08 3.753756628000000119e+08 -1.968900000000000095e+00
2.019032600000000000e+07 3.057559000000000196e+03 2.997095400000000154e+03 2.988490499999999884e+03 3.062689600000000155e+03 3.534980210000000000e+08 3.414448266000000238e+08 -1.509500000000000064e+00
2.019032700000000000e+07 3.012257300000000214e+03 3.022719599999999900e+03 2.987771699999999782e+03 3.022762299999999868e+03 2.913903570000000000e+08 2.950759548000000119e+08 8.549999999999999822e-01
2.019032800000000000e+07 3.009798800000000028e+03 2.994943400000000111e+03 2.991778899999999794e+03 3.025778899999999794e+03 2.881064250000000000e+08 2.895545655000000000e+08 -9.189000000000000501e-01
2.019032900000000000e+07 3.000678300000000036e+03 3.090757999999999811e+03 2.999986600000000180e+03 3.093032900000000154e+03 3.750829910000000000e+08 3.866996086999999881e+08 3.199199999999999822e+00
2.019040100000000000e+07 3.111661900000000060e+03 3.170360999999999876e+03 3.111661900000000060e+03 3.176622100000000046e+03 4.661246930000000000e+08 4.800859383999999762e+08 2.575499999999999901e+00
2.019040200000000000e+07 3.183273599999999988e+03 3.176822700000000168e+03 3.164906599999999798e+03 3.193271699999999782e+03 4.470689810000000000e+08 4.626620818000000119e+08 2.038000000000000089e-01
2.019040300000000000e+07 3.159146799999999985e+03 3.216295200000000023e+03 3.152331900000000132e+03 3.219256400000000212e+03 4.305486350000000000e+08 4.426220410000000000e+08 1.242499999999999938e+00
2.019040400000000000e+07 3.233688599999999951e+03 3.246571399999999812e+03 3.216854499999999916e+03 3.254140100000000075e+03 4.691176690000000000e+08 4.751563821000000238e+08 9.413000000000000256e-01
2.019040800000000000e+07 3.271272199999999884e+03 3.244810300000000097e+03 3.210515100000000075e+03 3.288453100000000177e+03 5.045184030000000000e+08 5.064312368000000119e+08 -5.419999999999999818e-02
2.019040900000000000e+07 3.240393799999999828e+03 3.239663900000000012e+03 3.215704799999999977e+03 3.251645799999999781e+03 3.641699970000000000e+08 3.802729758999999762e+08 -1.585999999999999910e-01
2.019041000000000000e+07 3.224645399999999881e+03 3.241929900000000089e+03 3.204878499999999804e+03 3.264777799999999843e+03 3.801344080000000000e+08 3.956699748999999762e+08 6.990000000000000380e-02
2.019041100000000000e+07 3.241547399999999925e+03 3.189961899999999787e+03 3.185545999999999822e+03 3.254125900000000001e+03 3.530318790000000000e+08 3.606845558999999762e+08 -1.602999999999999980e+00
2.019041200000000000e+07 3.184859500000000025e+03 3.188625599999999849e+03 3.168042100000000119e+03 3.199277999999999793e+03 2.897889960000000000e+08 2.889089711999999881e+08 -4.189999999999999974e-02
2.019041500000000000e+07 3.233458299999999781e+03 3.177786599999999908e+03 3.177269800000000032e+03 3.253976299999999810e+03 3.488097850000000000e+08 3.556661276999999881e+08 -3.398999999999999799e-01
2.019041600000000000e+07 3.164396900000000187e+03 3.253597800000000007e+03 3.153206200000000081e+03 3.253597800000000007e+03 3.579187520000000000e+08 3.601666336000000238e+08 2.385699999999999932e+00
2.019041700000000000e+07 3.250151800000000094e+03 3.263117900000000191e+03 3.239804799999999886e+03 3.275333500000000186e+03 3.575417960000000000e+08 3.545098881000000238e+08 2.926000000000000267e-01
2.019041800000000000e+07 3.261074200000000019e+03 3.250201199999999972e+03 3.241825699999999870e+03 3.271387799999999970e+03 3.255399420000000000e+08 3.235081786000000238e+08 -3.957999999999999852e-01
2.019041900000000000e+07 3.250145199999999932e+03 3.270797300000000178e+03 3.226812399999999798e+03 3.274334699999999884e+03 3.151980040000000000e+08 3.151319201999999881e+08 6.337000000000000410e-01
2.019042200000000000e+07 3.278490600000000086e+03 3.215042600000000220e+03 3.206878000000000156e+03 3.279489399999999932e+03 3.532173870000000000e+08 3.591542971000000238e+08 -1.704599999999999893e+00
2.019042300000000000e+07 3.211871900000000096e+03 3.198593800000000101e+03 3.186756899999999860e+03 3.231581499999999778e+03 3.283612070000000000e+08 3.248701833999999762e+08 -5.116000000000000547e-01
2.019042400000000000e+07 3.203558799999999792e+03 3.201613699999999881e+03 3.156606999999999971e+03 3.210650799999999890e+03 2.748721640000000000e+08 2.784108525000000000e+08 9.439999999999999780e-02
2.019042500000000000e+07 3.190585099999999784e+03 3.123826100000000224e+03 3.123025799999999890e+03 3.193749400000000151e+03 3.258791290000000000e+08 3.090760836999999881e+08 -2.429600000000000204e+00
2.019042600000000000e+07 3.108163500000000113e+03 3.086398900000000140e+03 3.085804900000000089e+03 3.129213400000000092e+03 2.808738540000000000e+08 2.747764023000000119e+08 -1.198099999999999943e+00
2.019042900000000000e+07 3.090633100000000013e+03 3.062498500000000149e+03 3.050026100000000042e+03 3.107760499999999865e+03 2.921148860000000000e+08 2.890632788999999762e+08 -7.743999999999999773e-01
2.019043000000000000e+07 3.052622299999999996e+03 3.078338900000000194e+03 3.052622299999999996e+03 3.088407400000000052e+03 2.223025170000000000e+08 2.254981291999999881e+08 5.171999999999999931e-01
2.019050600000000000e+07 2.984727300000000014e+03 2.906463999999999942e+03 2.876468800000000101e+03 2.986539900000000216e+03 3.269722690000000000e+08 3.143365193999999762e+08 -5.583400000000000141e+00
2.019050700000000000e+07 2.914291400000000067e+03 2.926390800000000127e+03 2.889073199999999815e+03 2.937283199999999852e+03 2.532817690000000000e+08 2.454442151999999881e+08 6.855999999999999872e-01
2.019050800000000000e+07 2.873143300000000181e+03 2.893756699999999910e+03 2.866704099999999926e+03 2.929430600000000140e+03 2.315305190000000000e+08 2.188926183000000119e+08 -1.115199999999999969e+00
2.019050900000000000e+07 2.871196800000000167e+03 2.850953700000000026e+03 2.845037400000000162e+03 2.888859599999999773e+03 2.000411330000000000e+08 1.974468806999999881e+08 -1.479100000000000081e+00
2.019051000000000000e+07 2.878234399999999823e+03 2.939210599999999886e+03 2.838384700000000066e+03 2.941453899999999976e+03 2.823068080000000000e+08 2.741762620000000000e+08 3.095699999999999896e+00
2.019051300000000000e+07 2.905067000000000007e+03 2.903713099999999940e+03 2.892174500000000080e+03 2.921410300000000007e+03 2.120298820000000000e+08 2.026241250000000000e+08 -1.207699999999999996e+00
2.019051400000000000e+07 2.872833599999999933e+03 2.883610700000000179e+03 2.872833599999999933e+03 2.909204099999999926e+03 2.083453530000000000e+08 2.012233154000000060e+08 -6.923000000000000265e-01
2.019051500000000000e+07 2.902642299999999977e+03 2.938678100000000086e+03 2.902642299999999977e+03 2.945394600000000082e+03 2.305197010000000000e+08 2.262627855999999940e+08 1.909699999999999953e+00
2.019051600000000000e+07 2.933495399999999790e+03 2.955710999999999785e+03 2.929064499999999953e+03 2.956170999999999822e+03 2.483857010000000000e+08 2.262030689000000060e+08 5.796000000000000041e-01
2.019051700000000000e+07 2.955766900000000078e+03 2.882296200000000226e+03 2.873799799999999777e+03 2.956783199999999852e+03 2.663016430000000000e+08 2.478751776999999881e+08 -2.483800000000000008e+00
2.019052000000000000e+07 2.874801100000000133e+03 2.870604600000000119e+03 2.838452999999999975e+03 2.882629399999999805e+03 2.094724420000000000e+08 1.992107761999999881e+08 -4.056000000000000161e-01
2.019052100000000000e+07 2.867706599999999980e+03 2.905968800000000101e+03 2.862495100000000093e+03 2.919237299999999777e+03 2.113870220000000000e+08 2.027777740999999940e+08 1.231899999999999995e+00
2.019052200000000000e+07 2.905524100000000089e+03 2.891704600000000028e+03 2.879643700000000081e+03 2.912395199999999932e+03 2.000269050000000000e+08 1.936293665999999940e+08 -4.909000000000000030e-01
2.019052300000000000e+07 2.880842599999999948e+03 2.852515300000000025e+03 2.846956000000000131e+03 2.885138899999999921e+03 1.973403090000000000e+08 1.928694873000000119e+08 -1.355199999999999960e+00
2.019052400000000000e+07 2.847835599999999886e+03 2.852994799999999941e+03 2.846021499999999833e+03 2.871855500000000120e+03 1.672054900000000000e+08 1.626893161999999881e+08 1.679999999999999896e-02
2.019052700000000000e+07 2.851280900000000202e+03 2.892378200000000106e+03 2.833036300000000210e+03 2.898128999999999905e+03 1.967209020000000000e+08 1.937687143000000119e+08 1.380400000000000071e+00
2.019052800000000000e+07 2.890265800000000127e+03 2.909910600000000159e+03 2.887083500000000186e+03 2.924039499999999862e+03 2.233105570000000000e+08 2.272538136999999881e+08 6.061999999999999611e-01
2.019052900000000000e+07 2.894829699999999775e+03 2.914696399999999812e+03 2.890664499999999862e+03 2.934976799999999912e+03 1.989588210000000000e+08 2.028550391999999881e+08 1.645000000000000073e-01
2.019053000000000000e+07 2.903424599999999828e+03 2.905805400000000191e+03 2.881380200000000059e+03 2.907846300000000156e+03 2.057587890000000000e+08 1.971055558000000119e+08 -3.049999999999999933e-01
2.019053100000000000e+07 2.904497600000000148e+03 2.898696100000000115e+03 2.895577800000000025e+03 2.922907499999999800e+03 1.952305800000000000e+08 1.912804035999999940e+08 -2.447000000000000008e-01
2.019060300000000000e+07 2.901742400000000089e+03 2.890080899999999929e+03 2.875901899999999841e+03 2.920829200000000128e+03 2.159435540000000000e+08 2.080733203000000119e+08 -2.972000000000000197e-01
2.019060400000000000e+07 2.887640499999999975e+03 2.862280299999999897e+03 2.851972800000000007e+03 2.888386100000000170e+03 1.884635410000000000e+08 1.811189155000000000e+08 -9.618999999999999773e-01
2.019060500000000000e+07 2.882936900000000151e+03 2.861418099999999868e+03 2.858571899999999914e+03 2.888767600000000130e+03 1.815610470000000000e+08 1.752008441999999881e+08 -3.009999999999999828e-02
2.019060600000000000e+07 2.862332699999999932e+03 2.827797799999999825e+03 2.822185300000000097e+03 2.862332699999999932e+03 1.770644110000000000e+08 1.648505466999999881e+08 -1.175000000000000044e+00
2.019061000000000000e+07 2.833014500000000226e+03 2.852130200000000059e+03 2.824355399999999918e+03 2.861130999999999858e+03 1.665859180000000000e+08 1.624898314000000060e+08 8.605000000000000426e-01
2.019061100000000000e+07 2.854070400000000063e+03 2.925716199999999844e+03 2.854070400000000063e+03 2.927430299999999988e+03 2.605257960000000000e+08 2.544799858000000119e+08 2.580000000000000071e+00
2.019061200000000000e+07 2.917223899999999958e+03 2.909379600000000210e+03 2.903883299999999963e+03 2.924701799999999821e+03 2.402557750000000000e+08 2.230639533000000119e+08 -5.584000000000000075e-01
2.019061300000000000e+07 2.905287699999999859e+03 2.910740600000000086e+03 2.885923200000000179e+03 2.918422700000000077e+03 2.129577910000000000e+08 1.917482066999999881e+08 4.680000000000000132e-02
2.019061400000000000e+07 2.912998799999999846e+03 2.881974299999999857e+03 2.879657299999999850e+03 2.924319700000000012e+03 2.154357960000000000e+08 1.943031118000000119e+08 -9.882999999999999563e-01
2.019061700000000000e+07 2.880422599999999875e+03 2.887611300000000028e+03 2.877394099999999980e+03 2.902480799999999817e+03 1.539649600000000000e+08 1.431416373000000119e+08 1.955999999999999961e-01
2.019061800000000000e+07 2.891091699999999946e+03 2.890157999999999902e+03 2.874312899999999900e+03 2.898330399999999827e+03 1.477053200000000000e+08 1.369352316999999881e+08 8.780000000000000304e-02
2.019061900000000000e+07 2.944115400000000136e+03 2.917802900000000136e+03 2.916214899999999943e+03 2.953335500000000138e+03 2.307569730000000000e+08 2.255672580000000000e+08 9.565000000000000169e-01
2.019062000000000000e+07 2.917331000000000131e+03 2.987118599999999788e+03 2.915089500000000044e+03 2.997388800000000174e+03 2.910115370000000000e+08 2.882965463999999762e+08 2.375599999999999934e+00
2.019062100000000000e+07 2.990368699999999990e+03 3.001980199999999968e+03 2.989245399999999790e+03 3.010349000000000160e+03 2.869738350000000000e+08 2.766624585000000000e+08 4.974999999999999978e-01
2.019062400000000000e+07 3.004289099999999962e+03 3.008147899999999936e+03 2.994421899999999823e+03 3.012826000000000022e+03 2.104938940000000000e+08 2.112371830000000000e+08 2.054999999999999882e-01
2.019062500000000000e+07 3.004909500000000207e+03 2.982073800000000119e+03 2.948990699999999833e+03 3.004909500000000207e+03 2.436992440000000000e+08 2.443150774000000060e+08 -8.668000000000000149e-01
2.019062600000000000e+07 2.964615299999999934e+03 2.976283699999999953e+03 2.958463200000000143e+03 2.986913900000000012e+03 1.744495330000000000e+08 1.725160551999999881e+08 -1.942000000000000115e-01
2.019062700000000000e+07 2.982612500000000182e+03 2.996792600000000220e+03 2.981045000000000073e+03 3.011538000000000011e+03 1.953970490000000000e+08 2.086186480999999940e+08 6.891000000000000458e-01
2.019062800000000000e+07 2.992242600000000039e+03 2.978878400000000056e+03 2.961222499999999854e+03 2.992242600000000039e+03 1.814315230000000000e+08 1.836417673000000119e+08 -5.977999999999999980e-01
2.019070100000000000e+07 3.024623799999999846e+03 3.044902799999999843e+03 3.014687100000000100e+03 3.045366899999999987e+03 2.508404330000000000e+08 2.665410569000000060e+08 2.216400000000000148e+00
2.019070200000000000e+07 3.042579999999999927e+03 3.043942799999999806e+03 3.033780900000000202e+03 3.048483900000000176e+03 2.145206240000000000e+08 2.295666165000000000e+08 -3.150000000000000022e-02
2.019070300000000000e+07 3.031831999999999880e+03 3.015263300000000072e+03 3.006324599999999919e+03 3.031831999999999880e+03 2.122961730000000000e+08 2.186579944000000060e+08 -9.422000000000000375e-01
2.019070400000000000e+07 3.015678499999999985e+03 3.005248799999999846e+03 2.991907900000000154e+03 3.024502300000000105e+03 1.944151330000000000e+08 2.022663885999999940e+08 -3.321000000000000063e-01
2.019070500000000000e+07 3.004738299999999981e+03 3.011058799999999792e+03 2.990924700000000030e+03 3.014847400000000107e+03 1.567554290000000000e+08 1.631808428000000119e+08 1.932999999999999996e-01
2.019070800000000000e+07 2.997806700000000092e+03 2.933363400000000183e+03 2.918715700000000197e+03 2.997806700000000092e+03 2.115412680000000000e+08 2.055688135000000000e+08 -2.580299999999999816e+00
2.019070900000000000e+07 2.928818800000000010e+03 2.928229499999999916e+03 2.912806300000000192e+03 2.937762099999999919e+03 1.451106040000000000e+08 1.542514218000000119e+08 -1.749999999999999889e-01
2.019071000000000000e+07 2.935185500000000047e+03 2.915302200000000084e+03 2.908161999999999807e+03 2.936751900000000205e+03 1.354835380000000000e+08 1.412362585999999940e+08 -4.415000000000000036e-01
2.019071100000000000e+07 2.928055299999999988e+03 2.917760900000000220e+03 2.907885200000000168e+03 2.945802299999999832e+03 1.436925220000000000e+08 1.521814080000000000e+08 8.429999999999999993e-02
2.019071200000000000e+07 2.915340099999999893e+03 2.930546200000000226e+03 2.905809000000000196e+03 2.938531100000000151e+03 1.377947590000000000e+08 1.429188695999999940e+08 4.381999999999999784e-01
2.019071500000000000e+07 2.921545999999999822e+03 2.942185300000000097e+03 2.886699300000000221e+03 2.955000300000000152e+03 1.676433970000000000e+08 1.765332011999999881e+08 3.971999999999999975e-01
2.019071600000000000e+07 2.938641099999999824e+03 2.937616799999999785e+03 2.931292600000000220e+03 2.944820999999999913e+03 1.318117510000000000e+08 1.407663890000000000e+08 -1.552999999999999936e-01
2.019071700000000000e+07 2.933022699999999986e+03 2.931692599999999857e+03 2.924459400000000187e+03 2.942066800000000057e+03 1.496316160000000000e+08 1.521629625999999940e+08 -2.016999999999999904e-01
2.019071800000000000e+07 2.921738699999999881e+03 2.901176599999999780e+03 2.901176599999999780e+03 2.921738699999999881e+03 1.498888280000000000e+08 1.490888430999999940e+08 -1.040899999999999936e+00
2.019071900000000000e+07 2.909679399999999987e+03 2.924200600000000122e+03 2.909679399999999987e+03 2.939597299999999905e+03 1.494695530000000000e+08 1.490712120000000000e+08 7.935999999999999721e-01
2.019072200000000000e+07 2.925788199999999961e+03 2.886974000000000160e+03 2.879690000000000055e+03 2.927160100000000057e+03 1.806749600000000000e+08 2.042894341999999881e+08 -1.273099999999999898e+00
2.019072300000000000e+07 2.886904399999999896e+03 2.899944599999999809e+03 2.883045700000000124e+03 2.901359100000000126e+03 1.293105080000000000e+08 1.480773493000000119e+08 4.492999999999999772e-01
2.019072400000000000e+07 2.907927499999999782e+03 2.923277500000000146e+03 2.907786500000000160e+03 2.936452200000000175e+03 1.552457620000000000e+08 1.788581040000000000e+08 8.045999999999999819e-01
2.019072500000000000e+07 2.923188599999999951e+03 2.937360099999999875e+03 2.916149800000000141e+03 2.937360099999999875e+03 1.456843850000000000e+08 1.753563816999999881e+08 4.817000000000000171e-01
2.019072600000000000e+07 2.928061400000000049e+03 2.944541000000000167e+03 2.924451300000000174e+03 2.948326100000000224e+03 1.393433880000000000e+08 1.587746660999999940e+08 2.444999999999999951e-01
2.019072900000000000e+07 2.943918000000000120e+03 2.941007000000000062e+03 2.932977300000000014e+03 2.948466499999999996e+03 1.279918460000000000e+08 1.474391345000000000e+08 -1.199999999999999956e-01
2.019073000000000000e+07 2.946256600000000162e+03 2.952338299999999890e+03 2.946256600000000162e+03 2.965632000000000062e+03 1.483164620000000000e+08 1.708663499000000060e+08 3.852999999999999758e-01
2.019073100000000000e+07 2.944397699999999986e+03 2.932505799999999908e+03 2.926485299999999825e+03 2.944397699999999986e+03 1.410523480000000000e+08 1.646078735000000000e+08 -6.717999999999999527e-01
2.019080100000000000e+07 2.920850600000000213e+03 2.908766000000000076e+03 2.901750300000000152e+03 2.927342099999999846e+03 1.423898130000000000e+08 1.711156356999999881e+08 -8.094999999999999973e-01
2.019080200000000000e+07 2.861332300000000032e+03 2.867837599999999838e+03 2.851440200000000004e+03 2.872472999999999956e+03 1.848884430000000000e+08 2.163274005999999940e+08 -1.407100000000000017e+00
2.019080500000000000e+07 2.854577999999999975e+03 2.821495699999999943e+03 2.821495699999999943e+03 2.863689100000000053e+03 1.674194230000000000e+08 1.968914830999999940e+08 -1.615899999999999892e+00
2.019080600000000000e+07 2.776988899999999830e+03 2.777555899999999838e+03 2.733924199999999928e+03 2.787418500000000222e+03 2.311237270000000000e+08 2.552092311999999881e+08 -1.557299999999999907e+00
2.019080700000000000e+07 2.789018700000000081e+03 2.768679500000000189e+03 2.768679500000000189e+03 2.792693400000000111e+03 1.577167520000000000e+08 1.764757284000000060e+08 -3.195999999999999952e-01
2.019080800000000000e+07 2.784183500000000095e+03 2.794552299999999832e+03 2.782244700000000194e+03 2.799685899999999947e+03 1.495395640000000000e+08 1.781561484000000060e+08 9.344999999999999973e-01
2.019080900000000000e+07 2.805585599999999886e+03 2.774753200000000106e+03 2.770477699999999913e+03 2.808328899999999976e+03 1.482402930000000000e+08 1.711403388000000119e+08 -7.085000000000000187e-01
2.019081200000000000e+07 2.781981600000000071e+03 2.814994400000000041e+03 2.776619700000000194e+03 2.814994400000000041e+03 1.315634330000000000e+08 1.625232598000000119e+08 1.450299999999999923e+00
2.019081300000000000e+07 2.798051199999999881e+03 2.797259599999999864e+03 2.790608000000000175e+03 2.802041499999999814e+03 1.309165050000000000e+08 1.539575105999999940e+08 -6.300000000000000044e-01
2.019081400000000000e+07 2.824486399999999776e+03 2.808914600000000064e+03 2.807719000000000051e+03 2.829890600000000177e+03 1.440146410000000000e+08 1.739448833000000119e+08 4.167000000000000148e-01
2.019081500000000000e+07 2.762338999999999942e+03 2.815797599999999875e+03 2.756834100000000035e+03 2.815896400000000085e+03 1.527721520000000000e+08 1.736705391999999881e+08 2.449999999999999956e-01
2.019081600000000000e+07 2.817570799999999963e+03 2.823823800000000119e+03 2.811801599999999780e+03 2.840316400000000158e+03 1.485823440000000000e+08 1.861393703000000119e+08 2.849999999999999756e-01
2.019081900000000000e+07 2.835518099999999777e+03 2.883096000000000004e+03 2.829854200000000219e+03 2.883096000000000004e+03 2.145466680000000000e+08 2.470922163000000119e+08 2.099000000000000199e+00
2.019082000000000000e+07 2.879081599999999980e+03 2.880001200000000154e+03 2.874998799999999846e+03 2.892079600000000028e+03 1.896772060000000000e+08 2.097743444000000060e+08 -1.073000000000000065e-01
2.019082100000000000e+07 2.875470800000000054e+03 2.880330699999999979e+03 2.872557299999999941e+03 2.885586099999999988e+03 1.590196650000000000e+08 1.831872751999999881e+08 1.140000000000000041e-02
2.019082200000000000e+07 2.887664900000000216e+03 2.883435800000000199e+03 2.867552200000000084e+03 2.888496900000000096e+03 1.492062150000000000e+08 1.696621671999999881e+08 1.078000000000000069e-01
2.019082300000000000e+07 2.885150999999999840e+03 2.897425299999999879e+03 2.878744299999999839e+03 2.902456299999999828e+03 1.591568260000000000e+08 1.925671326999999881e+08 4.852000000000000202e-01
2.019082600000000000e+07 2.851015800000000127e+03 2.863567300000000159e+03 2.849238100000000031e+03 2.870493899999999940e+03 1.698953630000000000e+08 1.910366679000000060e+08 -1.168600000000000083e+00
2.019082700000000000e+07 2.879515400000000227e+03 2.902193200000000161e+03 2.879405999999999949e+03 2.919644400000000132e+03 2.081417940000000000e+08 2.309996929000000060e+08 1.348899999999999988e+00
2.019082800000000000e+07 2.901626699999999801e+03 2.893756400000000212e+03 2.887011500000000069e+03 2.905435399999999845e+03 1.830979030000000000e+08 2.018050505999999940e+08 -2.907000000000000139e-01
2.019082900000000000e+07 2.895999099999999999e+03 2.890919199999999819e+03 2.878587799999999788e+03 2.898604600000000119e+03 1.786130820000000000e+08 1.963327705000000000e+08 -9.800000000000000377e-02
2.019083000000000000e+07 2.907382500000000164e+03 2.886236499999999978e+03 2.874102800000000116e+03 2.914576700000000073e+03 1.939599510000000000e+08 2.247511699000000060e+08 -1.620000000000000051e-01
2.019090200000000000e+07 2.886941800000000057e+03 2.924106299999999919e+03 2.883682299999999941e+03 2.928479299999999967e+03 2.027868070000000000e+08 2.260436933000000119e+08 1.312100000000000044e+00
2.019090300000000000e+07 2.925942199999999957e+03 2.930153800000000047e+03 2.915197400000000016e+03 2.930153800000000047e+03 1.890012160000000000e+08 2.250701573000000119e+08 2.068000000000000116e-01
2.019090400000000000e+07 2.927746999999999844e+03 2.957411599999999908e+03 2.925882500000000164e+03 2.957411599999999908e+03 2.254959070000000000e+08 2.512126940000000000e+08 9.303000000000000158e-01
2.019090500000000000e+07 2.972661900000000060e+03 2.985864799999999832e+03 2.972661900000000060e+03 3.015844300000000203e+03 3.054387060000000000e+08 3.402006666000000238e+08 9.620999999999999552e-01
2.019090600000000000e+07 2.996621599999999944e+03 2.999601299999999810e+03 2.981598300000000108e+03 2.999943400000000111e+03 2.168260350000000000e+08 2.583187449000000060e+08 4.601000000000000090e-01
2.019090900000000000e+07 3.023777999999999793e+03 3.024738800000000083e+03 3.005694899999999961e+03 3.026239799999999832e+03 2.433777520000000000e+08 2.862365321000000238e+08 8.379999999999999671e-01
2.019091000000000000e+07 3.027410300000000007e+03 3.021202400000000125e+03 3.005382500000000164e+03 3.027410300000000007e+03 2.400129470000000000e+08 2.753217516000000238e+08 -1.169000000000000039e-01
2.019091100000000000e+07 3.029933399999999892e+03 3.008811799999999948e+03 3.004215200000000095e+03 3.030556999999999789e+03 2.298373620000000000e+08 2.633895550000000000e+08 -4.101000000000000201e-01
2.019091200000000000e+07 3.016626699999999801e+03 3.031235099999999875e+03 3.005194800000000214e+03 3.033472999999999956e+03 1.969687010000000000e+08 2.245760253000000119e+08 7.452999999999999625e-01
2.019091600000000000e+07 3.041922000000000025e+03 3.030754399999999805e+03 3.020049500000000080e+03 3.042928399999999783e+03 2.218789590000000000e+08 2.374422654000000060e+08 -1.590000000000000094e-02
2.019091700000000000e+07 3.023710900000000038e+03 2.978117799999999988e+03 2.970570400000000063e+03 3.023710900000000038e+03 2.233380610000000000e+08 2.377389359000000060e+08 -1.736699999999999910e+00
2.019091800000000000e+07 2.984083700000000135e+03 2.985658600000000206e+03 2.982400299999999788e+03 2.996402199999999993e+03 1.680466990000000000e+08 1.999536315999999940e+08 2.531999999999999806e-01
2.019091900000000000e+07 2.992922199999999975e+03 2.999278899999999794e+03 2.975397800000000188e+03 2.999278899999999794e+03 1.626906150000000000e+08 1.932065495000000000e+08 4.561999999999999944e-01
2.019092000000000000e+07 3.004814199999999801e+03 3.006446699999999964e+03 2.996192900000000009e+03 3.011340000000000146e+03 1.821453020000000000e+08 2.183905869000000060e+08 2.389999999999999902e-01
2.019092300000000000e+07 2.998399499999999989e+03 2.977076700000000073e+03 2.960827000000000226e+03 2.998399499999999989e+03 1.681394500000000000e+08 1.991305488000000119e+08 -9.768999999999999906e-01
2.019092400000000000e+07 2.979475199999999859e+03 2.985340599999999995e+03 2.973760099999999966e+03 3.002896699999999782e+03 1.639027610000000000e+08 2.062458055999999940e+08 2.776000000000000134e-01
2.019092500000000000e+07 2.977667600000000220e+03 2.955432499999999891e+03 2.955432499999999891e+03 2.977667600000000220e+03 1.685431350000000000e+08 2.037827541999999881e+08 -1.001800000000000024e+00
2.019092600000000000e+07 2.964477600000000166e+03 2.929087500000000091e+03 2.928258899999999812e+03 2.970035400000000209e+03 1.889325410000000000e+08 2.162775629000000060e+08 -8.913999999999999702e-01
2.019092700000000000e+07 2.929485999999999876e+03 2.932166999999999916e+03 2.920929999999999836e+03 2.939078899999999976e+03 1.329057770000000000e+08 1.533110024000000060e+08 1.181999999999999995e-01
2.019093000000000000e+07 2.927916499999999814e+03 2.905189199999999801e+03 2.905189199999999801e+03 2.936481999999999971e+03 1.166468110000000000e+08 1.425917025000000000e+08 -9.201000000000000290e-01
2.019100800000000000e+07 2.905755900000000111e+03 2.913570400000000063e+03 2.905755900000000111e+03 2.933016299999999774e+03 1.255358120000000000e+08 1.519807920000000000e+08 2.884999999999999787e-01
2.019100900000000000e+07 2.902075100000000020e+03 2.924856600000000071e+03 2.891539400000000114e+03 2.924856600000000071e+03 1.304241440000000000e+08 1.509402308000000119e+08 3.874000000000000221e-01
2.019101000000000000e+07 2.923706900000000132e+03 2.947710599999999886e+03 2.918228399999999965e+03 2.949240400000000136e+03 1.342397520000000000e+08 1.571599768000000119e+08 7.813999999999999835e-01
2.019101100000000000e+07 2.954818900000000212e+03 2.973655799999999999e+03 2.943013699999999972e+03 2.980787499999999909e+03 1.612037460000000000e+08 1.827473930999999940e+08 8.801999999999999824e-01
2.019101400000000000e+07 2.993961699999999837e+03 3.007883400000000165e+03 2.989812500000000000e+03 3.026383400000000165e+03 2.086148020000000000e+08 2.212017556999999881e+08 1.151000000000000023e+00
2.019101500000000000e+07 3.005664600000000064e+03 2.991045900000000074e+03 2.986303300000000036e+03 3.005664600000000064e+03 1.553769040000000000e+08 1.695319325000000000e+08 -5.597999999999999643e-01
2.019101600000000000e+07 2.992610299999999825e+03 2.978712399999999889e+03 2.975923299999999927e+03 3.010424100000000180e+03 1.498854960000000000e+08 1.667915494000000060e+08 -4.122999999999999998e-01
2.019101700000000000e+07 2.979992900000000191e+03 2.977334199999999782e+03 2.969568000000000211e+03 2.986719099999999798e+03 1.225276140000000000e+08 1.360512520999999940e+08 -4.630000000000000088e-02
2.019101800000000000e+07 2.982341699999999946e+03 2.938141299999999774e+03 2.933242400000000089e+03 2.987203500000000076e+03 1.499906780000000000e+08 1.620182723000000119e+08 -1.316400000000000015e+00
2.019102100000000000e+07 2.933896900000000187e+03 2.939617900000000191e+03 2.917688400000000001e+03 2.940324599999999919e+03 1.324751070000000000e+08 1.456858811999999881e+08 5.029999999999999749e-02
2.019102200000000000e+07 2.945600100000000111e+03 2.954379899999999907e+03 2.934387299999999868e+03 2.954641500000000178e+03 1.174820480000000000e+08 1.303817412000000030e+08 5.021999999999999797e-01
2.019102300000000000e+07 2.952969300000000203e+03 2.941618800000000192e+03 2.934627399999999852e+03 2.957299500000000080e+03 1.238128810000000000e+08 1.396536505000000000e+08 -4.319000000000000061e-01
2.019102400000000000e+07 2.944006699999999910e+03 2.940921499999999924e+03 2.927061200000000099e+03 2.953044100000000071e+03 1.265402900000000000e+08 1.416672330000000000e+08 -2.369999999999999885e-02
2.019102500000000000e+07 2.940474099999999908e+03 2.954932699999999841e+03 2.920519499999999880e+03 2.958240899999999783e+03 1.368607060000000000e+08 1.602240905999999940e+08 4.763999999999999901e-01
2.019102800000000000e+07 2.958686000000000149e+03 2.980049799999999777e+03 2.956960700000000088e+03 2.980128000000000156e+03 1.737314810000000000e+08 1.988170121999999881e+08 8.499999999999999778e-01
2.019102900000000000e+07 2.979036500000000160e+03 2.954175999999999931e+03 2.954175999999999931e+03 2.979036500000000160e+03 1.661100580000000000e+08 1.952880815999999940e+08 -8.681999999999999718e-01
2.019103000000000000e+07 2.949463099999999940e+03 2.939320900000000165e+03 2.934827900000000227e+03 2.953298600000000079e+03 1.587981100000000000e+08 1.815295013000000119e+08 -5.029000000000000137e-01
2.019103100000000000e+07 2.944842700000000150e+03 2.929056099999999788e+03 2.923516700000000128e+03 2.946752300000000105e+03 1.615714830000000000e+08 1.818019374000000060e+08 -3.492000000000000104e-01
2.019110100000000000e+07 2.924340200000000095e+03 2.958199200000000019e+03 2.917145500000000084e+03 2.959833000000000084e+03 1.599073730000000000e+08 1.756308390999999940e+08 9.949999999999999956e-01
2.019110400000000000e+07 2.964576000000000022e+03 2.975491899999999987e+03 2.964576000000000022e+03 2.983058100000000195e+03 1.672483640000000000e+08 1.887100946999999881e+08 5.846000000000000085e-01
2.019110500000000000e+07 2.977704799999999977e+03 2.991562199999999848e+03 2.968032400000000052e+03 3.008314400000000205e+03 1.798915930000000000e+08 2.036916301999999881e+08 5.401000000000000245e-01
2.019110600000000000e+07 2.992039900000000216e+03 2.978595499999999902e+03 2.969724200000000110e+03 2.995562899999999900e+03 1.652635470000000000e+08 1.839852361999999881e+08 -4.334000000000000075e-01
2.019110700000000000e+07 2.978153099999999995e+03 2.978714399999999841e+03 2.969120100000000093e+03 2.988954999999999927e+03 1.369526780000000000e+08 1.558348776999999881e+08 4.000000000000000083e-03
2.019110800000000000e+07 2.993977300000000014e+03 2.964184900000000198e+03 2.962844700000000103e+03 2.998759399999999914e+03 1.497421070000000000e+08 1.738672271999999881e+08 -4.878000000000000114e-01
2.019111100000000000e+07 2.949961899999999787e+03 2.909974600000000009e+03 2.906768999999999778e+03 2.949961899999999787e+03 1.579161050000000000e+08 1.662851403000000119e+08 -1.828799999999999981e+00
2.019111200000000000e+07 2.912995600000000195e+03 2.914823199999999815e+03 2.891510499999999865e+03 2.918302999999999884e+03 1.297291540000000000e+08 1.390607261999999881e+08 1.665999999999999981e-01
2.019111300000000000e+07 2.913019699999999830e+03 2.905240899999999783e+03 2.893971199999999953e+03 2.913861199999999826e+03 1.297658410000000000e+08 1.469436366999999881e+08 -3.286999999999999922e-01
2.019111400000000000e+07 2.907735799999999927e+03 2.909869700000000194e+03 2.899618599999999788e+03 2.917373999999999796e+03 1.291454480000000000e+08 1.515761834000000060e+08 1.592999999999999972e-01
2.019111500000000000e+07 2.911349999999999909e+03 2.891343100000000049e+03 2.891204299999999876e+03 2.917829299999999876e+03 1.355194630000000000e+08 1.525763926999999881e+08 -6.367000000000000437e-01
2.019111800000000000e+07 2.889549500000000080e+03 2.909200200000000223e+03 2.884088299999999890e+03 2.911378400000000056e+03 1.244331770000000000e+08 1.446774136999999881e+08 6.176000000000000378e-01
2.019111900000000000e+07 2.904278299999999945e+03 2.933990800000000036e+03 2.902855000000000018e+03 2.933990800000000036e+03 1.354176040000000000e+08 1.557707413000000119e+08 8.520999999999999686e-01
2.019112000000000000e+07 2.928106800000000021e+03 2.911053399999999783e+03 2.907422900000000027e+03 2.930492900000000191e+03 1.373575300000000000e+08 1.585431955999999940e+08 -7.818000000000000504e-01
2.019112100000000000e+07 2.902552900000000136e+03 2.903637900000000172e+03 2.891531399999999849e+03 2.910360799999999927e+03 1.234586070000000000e+08 1.398512079000000060e+08 -2.546999999999999820e-01
2.019112200000000000e+07 2.906243300000000090e+03 2.885288399999999911e+03 2.873989999999999782e+03 2.925017800000000079e+03 1.586233650000000000e+08 1.805938291999999881e+08 -6.319000000000000172e-01
2.019112500000000000e+07 2.885613299999999981e+03 2.906168799999999919e+03 2.880654199999999946e+03 2.906609100000000126e+03 1.785874290000000000e+08 1.742345833000000119e+08 7.237000000000000099e-01
2.019112600000000000e+07 2.912520899999999983e+03 2.907060199999999895e+03 2.897927599999999984e+03 2.915041099999999915e+03 1.700046630000000000e+08 1.654967661999999881e+08 3.070000000000000159e-02
2.019112700000000000e+07 2.905395899999999983e+03 2.903194700000000012e+03 2.893417500000000018e+03 2.914486499999999978e+03 1.338622050000000000e+08 1.374496971999999881e+08 -1.330000000000000071e-01
2.019112800000000000e+07 2.902364399999999932e+03 2.889693400000000111e+03 2.883433899999999994e+03 2.909839800000000196e+03 1.195224680000000000e+08 1.226165452000000030e+08 -4.650000000000000244e-01
2.019112900000000000e+07 2.885974400000000060e+03 2.871981299999999919e+03 2.858580800000000181e+03 2.892388199999999870e+03 1.226129680000000000e+08 1.403713164000000060e+08 -6.129000000000000004e-01
2.019120200000000000e+07 2.874448400000000220e+03 2.875807200000000194e+03 2.870242400000000089e+03 2.888889700000000175e+03 1.287558060000000000e+08 1.393517615000000000e+08 1.332000000000000128e-01
2.019120300000000000e+07 2.869882200000000012e+03 2.884698800000000119e+03 2.857320400000000063e+03 2.884855900000000020e+03 1.237787420000000000e+08 1.352786119000000060e+08 3.091999999999999749e-01
2.019120400000000000e+07 2.876907900000000154e+03 2.878115699999999833e+03 2.869421899999999823e+03 2.882498099999999795e+03 1.255436530000000000e+08 1.358792215000000000e+08 -2.281999999999999862e-01
2.019120500000000000e+07 2.886516399999999976e+03 2.899468499999999949e+03 2.885079799999999977e+03 2.902001999999999953e+03 1.431630960000000000e+08 1.597365923000000119e+08 7.419000000000000039e-01
2.019120600000000000e+07 2.902277999999999793e+03 2.912013600000000224e+03 2.894751299999999901e+03 2.912013600000000224e+03 1.341288780000000000e+08 1.495073333000000119e+08 4.326999999999999735e-01
2.019120900000000000e+07 2.914457600000000184e+03 2.914477499999999964e+03 2.905250300000000152e+03 2.919588799999999992e+03 1.607965270000000000e+08 1.745464781999999881e+08 8.459999999999999465e-02
2.019121000000000000e+07 2.908943900000000212e+03 2.917315700000000106e+03 2.902789600000000064e+03 2.919201100000000224e+03 1.701239980000000000e+08 1.806172915000000000e+08 9.740000000000000047e-02
2.019121100000000000e+07 2.922601999999999862e+03 2.924417300000000068e+03 2.915000799999999799e+03 2.928256400000000212e+03 1.655410870000000000e+08 1.757160916999999881e+08 2.434000000000000052e-01
2.019121200000000000e+07 2.926341600000000199e+03 2.915697999999999865e+03 2.913475500000000011e+03 2.926341600000000199e+03 1.515342300000000000e+08 1.658455400999999940e+08 -2.901000000000000245e-01
2.019121300000000000e+07 2.937776299999999992e+03 2.967676399999999830e+03 2.935849000000000160e+03 2.969980900000000020e+03 2.119785850000000000e+08 2.340365414000000060e+08 1.782699999999999951e+00
2.019121600000000000e+07 2.970969399999999951e+03 2.984392499999999927e+03 2.958706400000000031e+03 2.984641399999999976e+03 2.118621190000000000e+08 2.376667631999999881e+08 5.633000000000000229e-01
2.019121700000000000e+07 2.985261899999999969e+03 3.022421899999999823e+03 2.982495600000000195e+03 3.039383400000000165e+03 2.930322540000000000e+08 3.020908975000000000e+08 1.274299999999999988e+00
2.019121800000000000e+07 3.021465700000000197e+03 3.017044400000000223e+03 3.011720699999999852e+03 3.033233700000000226e+03 2.440896910000000000e+08 2.591736318000000119e+08 -1.779000000000000026e-01
2.019121900000000000e+07 3.017152999999999793e+03 3.017065799999999854e+03 3.007992000000000189e+03 3.021417600000000220e+03 2.086242640000000000e+08 2.206882924000000060e+08 6.999999999999999929e-04
2.019122000000000000e+07 3.019639500000000226e+03 3.004937600000000202e+03 3.002260099999999966e+03 3.027483499999999822e+03 2.150757550000000000e+08 2.233050360000000000e+08 -4.020000000000000240e-01
2.019122300000000000e+07 2.999035699999999906e+03 2.962751299999999901e+03 2.960434999999999945e+03 3.009338000000000193e+03 2.057166170000000000e+08 2.184842730999999940e+08 -1.403899999999999926e+00
2.019122400000000000e+07 2.965825800000000072e+03 2.982680600000000140e+03 2.960683899999999994e+03 2.983819399999999860e+03 1.630302500000000000e+08 1.673666673000000119e+08 6.726999999999999647e-01
2.019122500000000000e+07 2.980427599999999984e+03 2.981880500000000211e+03 2.970657200000000103e+03 2.988292399999999816e+03 1.756540280000000000e+08 1.896085626999999881e+08 -2.680000000000000090e-02
2.019122600000000000e+07 2.981248500000000149e+03 3.007354600000000119e+03 2.980396600000000035e+03 3.007354600000000119e+03 1.824404260000000000e+08 1.955860790999999940e+08 8.542999999999999483e-01
2.019122700000000000e+07 3.006851700000000164e+03 3.005035499999999956e+03 3.003630900000000111e+03 3.036112700000000132e+03 2.471027790000000000e+08 2.581187394000000060e+08 -7.710000000000000187e-02
2.019123000000000000e+07 2.998168900000000122e+03 3.040023900000000140e+03 2.983343600000000151e+03 3.041396900000000187e+03 2.480665300000000000e+08 2.673829944000000060e+08 1.164299999999999891e+00
2.019123100000000000e+07 3.036385800000000017e+03 3.050123999999999796e+03 3.030512200000000121e+03 3.051677000000000135e+03 2.174290220000000000e+08 2.267639913000000119e+08 3.321999999999999953e-01
2.020010200000000000e+07 3.066335700000000088e+03 3.085197599999999966e+03 3.066335700000000088e+03 3.098100100000000111e+03 2.924702080000000000e+08 3.271971226000000238e+08 1.149899999999999922e+00
2.020010300000000000e+07 3.089021999999999935e+03 3.083785800000000108e+03 3.074517800000000079e+03 3.093819199999999910e+03 2.614966670000000000e+08 2.899917083999999762e+08 -4.580000000000000043e-02
2.020010600000000000e+07 3.070908800000000156e+03 3.083408300000000054e+03 3.065308799999999792e+03 3.107203199999999924e+03 3.125758420000000000e+08 3.311825498999999762e+08 -1.220000000000000077e-02
2.020010700000000000e+07 3.085488199999999779e+03 3.104801500000000033e+03 3.084329000000000178e+03 3.105450699999999870e+03 2.765831110000000000e+08 2.881592276999999881e+08 6.937999999999999723e-01
2.020010800000000000e+07 3.094238899999999830e+03 3.066892499999999927e+03 3.059131300000000010e+03 3.094238899999999830e+03 2.978725530000000000e+08 3.065173945000000000e+08 -1.221000000000000085e+00
2.020010900000000000e+07 3.082639799999999923e+03 3.094881899999999860e+03 3.080131300000000010e+03 3.097329099999999926e+03 2.434356490000000000e+08 2.717160208999999762e+08 9.125999999999999668e-01
2.020011000000000000e+07 3.102293799999999919e+03 3.092290700000000015e+03 3.081396099999999933e+03 3.105224799999999959e+03 2.104424620000000000e+08 2.415556680999999940e+08 -8.369999999999999662e-02
2.020011300000000000e+07 3.091492999999999938e+03 3.115569599999999809e+03 3.075383699999999862e+03 3.115569599999999809e+03 2.106210040000000000e+08 2.585240580000000000e+08 7.528000000000000247e-01
2.020011400000000000e+07 3.120666900000000169e+03 3.106820400000000063e+03 3.105604899999999816e+03 3.127169199999999819e+03 2.299737690000000000e+08 2.715424413999999762e+08 -2.807999999999999940e-01
2.020011500000000000e+07 3.103174899999999980e+03 3.090037899999999809e+03 3.082042500000000018e+03 3.107942599999999857e+03 2.023130230000000000e+08 2.329134466999999881e+08 -5.402000000000000135e-01
2.020011600000000000e+07 3.095734199999999873e+03 3.074081400000000031e+03 3.070884000000000015e+03 3.096371700000000146e+03 2.033754750000000000e+08 2.368433600999999940e+08 -5.163999999999999702e-01
2.020011700000000000e+07 3.081464100000000144e+03 3.075495499999999993e+03 3.067252500000000055e+03 3.091951599999999871e+03 1.903042990000000000e+08 2.422730453000000119e+08 4.599999999999999922e-02
2.020012000000000000e+07 3.082113400000000183e+03 3.095787299999999959e+03 3.070480100000000220e+03 3.096310500000000047e+03 2.104933410000000000e+08 2.711224553999999762e+08 6.598000000000000531e-01
2.020012100000000000e+07 3.085789499999999862e+03 3.052141900000000078e+03 3.051230100000000220e+03 3.085789499999999862e+03 2.348307390000000000e+08 2.862680981999999881e+08 -1.409799999999999942e+00
2.020012200000000000e+07 3.038486800000000130e+03 3.060754500000000007e+03 3.006267699999999877e+03 3.069252700000000004e+03 2.238528650000000000e+08 2.784569240000000000e+08 2.822000000000000064e-01
2.020012300000000000e+07 3.037952400000000125e+03 2.976528099999999995e+03 2.955346000000000004e+03 3.045040599999999813e+03 2.727632340000000000e+08 3.274903603999999762e+08 -2.751799999999999802e+00
2.020020300000000000e+07 2.716697799999999916e+03 2.746605599999999868e+03 2.716697799999999916e+03 2.766577299999999923e+03 2.159121030000000000e+08 2.570195974000000060e+08 -7.724499999999999922e+00
2.020020400000000000e+07 2.685269299999999930e+03 2.783287499999999909e+03 2.685269299999999930e+03 2.786164200000000164e+03 3.640462000000000000e+08 3.740684668000000119e+08 1.335499999999999909e+00
2.020020500000000000e+07 2.792371299999999792e+03 2.818087799999999788e+03 2.778864099999999780e+03 2.842742600000000039e+03 3.097618230000000000e+08 3.491841148000000119e+08 1.250299999999999967e+00
2.020020600000000000e+07 2.826885099999999966e+03 2.866509700000000066e+03 2.807608999999999924e+03 2.876587799999999788e+03 3.163921420000000000e+08 3.585825896999999881e+08 1.718299999999999939e+00
2.020020700000000000e+07 2.858932400000000143e+03 2.875963600000000042e+03 2.838770199999999932e+03 2.875963600000000042e+03 3.094796420000000000e+08 3.623841625000000000e+08 3.297999999999999821e-01
2.020021000000000000e+07 2.860498999999999796e+03 2.890487799999999879e+03 2.851050299999999879e+03 2.891847900000000209e+03 2.949297840000000000e+08 3.415203983000000119e+08 5.050000000000000044e-01
2.020021100000000000e+07 2.894541400000000067e+03 2.901674399999999878e+03 2.882242799999999988e+03 2.913815900000000056e+03 2.691683350000000000e+08 3.029568471999999881e+08 3.870000000000000107e-01
2.020021200000000000e+07 2.895556099999999788e+03 2.926899100000000089e+03 2.892423999999999978e+03 2.926899100000000089e+03 2.487334290000000000e+08 2.975344205000000000e+08 8.692999999999999616e-01
2.020021300000000000e+07 2.927144299999999930e+03 2.906073499999999967e+03 2.901242499999999836e+03 2.935405999999999949e+03 2.748048440000000000e+08 3.345263273999999762e+08 -7.115000000000000213e-01
2.020021400000000000e+07 2.899865899999999783e+03 2.917007700000000114e+03 2.899573899999999867e+03 2.926942700000000059e+03 2.506506270000000000e+08 3.080803686999999881e+08 3.763000000000000234e-01
2.020021700000000000e+07 2.924991300000000138e+03 2.983622400000000198e+03 2.924991300000000138e+03 2.983637099999999919e+03 3.131980070000000000e+08 3.670143401000000238e+08 2.283700000000000063e+00
2.020021800000000000e+07 2.981409700000000157e+03 2.984971599999999853e+03 2.960775099999999838e+03 2.990600300000000061e+03 3.116659130000000000e+08 3.749985626000000238e+08 4.519999999999999712e-02
2.020021900000000000e+07 2.979522300000000087e+03 2.975401899999999841e+03 2.971821899999999914e+03 2.998271799999999985e+03 3.151411510000000000e+08 3.813311603999999762e+08 -3.205999999999999961e-01
2.020022000000000000e+07 2.981880200000000059e+03 3.030154199999999946e+03 2.968445099999999911e+03 3.031370600000000195e+03 3.457328810000000000e+08 4.137613641000000238e+08 1.840200000000000058e+00
2.020022100000000000e+07 3.022245499999999993e+03 3.039669199999999819e+03 3.020141000000000076e+03 3.058898000000000138e+03 3.645572760000000000e+08 4.450620766999999881e+08 3.140000000000000013e-01
2.020022400000000000e+07 3.027892499999999927e+03 3.031233299999999872e+03 3.007355700000000070e+03 3.042182099999999991e+03 3.704300440000000000e+08 4.516013631000000238e+08 -2.775000000000000244e-01
2.020022500000000000e+07 2.982069599999999809e+03 3.013050099999999929e+03 2.943716800000000148e+03 3.016945799999999963e+03 4.416227620000000000e+08 5.131286446000000238e+08 -5.998999999999999888e-01
2.020022600000000000e+07 2.978419499999999971e+03 2.987928699999999935e+03 2.974942300000000159e+03 3.028778800000000047e+03 4.690495520000000000e+08 4.953414473000000119e+08 -8.337999999999999856e-01
2.020022700000000000e+07 2.992491899999999987e+03 2.991328799999999774e+03 2.980477400000000216e+03 3.009457499999999982e+03 3.505236580000000000e+08 3.959556415000000000e+08 1.137999999999999984e-01
2.020022800000000000e+07 2.924640699999999924e+03 2.880303800000000138e+03 2.878544300000000021e+03 2.948126099999999951e+03 4.012169140000000000e+08 4.326577750000000000e+08 -3.711599999999999788e+00
2.020030200000000000e+07 2.899309999999999945e+03 2.970931199999999990e+03 2.899309999999999945e+03 2.982506800000000112e+03 3.673333690000000000e+08 3.972442011999999881e+08 3.146500000000000075e+00
2.020030300000000000e+07 3.006888800000000174e+03 2.992896799999999985e+03 2.976623000000000047e+03 3.026842000000000098e+03 4.101080470000000000e+08 4.470536815000000000e+08 7.393999999999999462e-01
2.020030400000000000e+07 2.981806000000000040e+03 3.011665700000000015e+03 2.974358299999999872e+03 3.012003499999999804e+03 3.533382780000000000e+08 3.898939175000000000e+08 6.270999999999999908e-01
2.020030500000000000e+07 3.036154500000000098e+03 3.071677099999999882e+03 3.022926199999999881e+03 3.074257099999999809e+03 4.454258060000000000e+08 4.827704713999999762e+08 1.992599999999999927e+00
2.020030600000000000e+07 3.039939499999999953e+03 3.034511300000000119e+03 3.029463200000000143e+03 3.052443900000000212e+03 3.620615330000000000e+08 3.773885426999999881e+08 -1.209999999999999964e+00
2.020030900000000000e+07 2.987180499999999938e+03 2.943290700000000015e+03 2.940713799999999992e+03 2.989205100000000130e+03 4.145607360000000000e+08 4.381438546000000238e+08 -3.006099999999999994e+00
2.020031000000000000e+07 2.918934699999999793e+03 2.996761800000000221e+03 2.904798899999999776e+03 3.000296299999999974e+03 3.932966480000000000e+08 4.250171848000000119e+08 1.816699999999999982e+00
2.020031100000000000e+07 3.001761599999999817e+03 2.968517400000000180e+03 2.968517400000000180e+03 3.010028600000000097e+03 3.524709700000000000e+08 3.787666190000000000e+08 -9.425000000000000044e-01
2.020031200000000000e+07 2.936016299999999774e+03 2.923485599999999977e+03 2.906283800000000156e+03 2.944465099999999893e+03 3.077784570000000000e+08 3.282092023999999762e+08 -1.516999999999999904e+00
2.020031300000000000e+07 2.804232199999999921e+03 2.887426500000000033e+03 2.799984100000000126e+03 2.910881199999999808e+03 3.664504360000000000e+08 3.930196651999999881e+08 -1.233400000000000052e+00
2.020031600000000000e+07 2.897300900000000183e+03 2.789253700000000208e+03 2.784661599999999908e+03 2.898034900000000107e+03 3.518786650000000000e+08 3.756270008000000119e+08 -3.399999999999999911e+00
2.020031700000000000e+07 2.796284000000000106e+03 2.779640699999999924e+03 2.715221300000000156e+03 2.826906800000000203e+03 3.061496770000000000e+08 3.230128228000000119e+08 -3.446000000000000174e-01
2.020031800000000000e+07 2.792322099999999864e+03 2.728756300000000010e+03 2.728756300000000010e+03 2.815873700000000099e+03 2.911598520000000000e+08 3.186113916000000238e+08 -1.830600000000000005e+00
2.020031900000000000e+07 2.719406300000000101e+03 2.702129600000000210e+03 2.646804799999999886e+03 2.736820000000000164e+03 3.023027470000000000e+08 3.305180085000000000e+08 -9.758000000000000007e-01
2.020032000000000000e+07 2.727018599999999878e+03 2.745618199999999888e+03 2.702493300000000090e+03 2.751896400000000085e+03 2.520195070000000000e+08 2.815833696999999881e+08 1.609399999999999942e+00
2.020032300000000000e+07 2.677590999999999894e+03 2.660167399999999816e+03 2.656500799999999799e+03 2.703329499999999825e+03 2.498202500000000000e+08 2.684232420000000000e+08 -3.112299999999999844e+00
2.020032400000000000e+07 2.703019299999999930e+03 2.722438099999999849e+03 2.667133299999999963e+03 2.723406599999999798e+03 2.570219300000000000e+08 2.789993066000000238e+08 2.340899999999999981e+00
2.020032500000000000e+07 2.775303199999999833e+03 2.781591300000000047e+03 2.757801599999999780e+03 2.788635400000000118e+03 2.731444660000000000e+08 2.931912043999999762e+08 2.172800000000000065e+00
2.020032600000000000e+07 2.761896099999999933e+03 2.764910899999999856e+03 2.753428199999999833e+03 2.788503799999999956e+03 2.340840220000000000e+08 2.482797850000000000e+08 -5.997000000000000108e-01
2.020032700000000000e+07 2.792984300000000076e+03 2.772203300000000127e+03 2.771756300000000010e+03 2.805547900000000027e+03 2.407640660000000000e+08 2.536307259000000060e+08 2.636999999999999900e-01
2.020033000000000000e+07 2.739719099999999798e+03 2.747213799999999992e+03 2.723054299999999785e+03 2.759098899999999958e+03 2.397066040000000000e+08 2.506871441999999881e+08 -9.013999999999999790e-01
2.020033100000000000e+07 2.767307200000000194e+03 2.750296200000000226e+03 2.743115400000000136e+03 2.771168299999999817e+03 2.185986740000000000e+08 2.242710615999999940e+08 1.121999999999999942e-01
2.020040100000000000e+07 2.743540899999999965e+03 2.734521499999999833e+03 2.731079400000000078e+03 2.773364099999999780e+03 2.172534270000000000e+08 2.256246465999999940e+08 -5.735999999999999988e-01
2.020040200000000000e+07 2.720228399999999965e+03 2.780637900000000172e+03 2.719904300000000148e+03 2.780637900000000172e+03 2.178646000000000000e+08 2.331115756999999881e+08 1.686500000000000110e+00
2.020040300000000000e+07 2.773576399999999921e+03 2.763987399999999980e+03 2.754073100000000068e+03 2.780586800000000039e+03 2.008374040000000000e+08 2.140622120000000000e+08 -5.987999999999999989e-01
2.020040700000000000e+07 2.806967599999999948e+03 2.820763399999999820e+03 2.801838600000000042e+03 2.823276699999999892e+03 2.701981860000000000e+08 2.866277943000000119e+08 2.054100000000000037e+00
2.020040800000000000e+07 2.805916600000000017e+03 2.815368599999999788e+03 2.800296299999999974e+03 2.823213900000000194e+03 2.435153050000000000e+08 2.531596680999999940e+08 -1.912999999999999978e-01
2.020040900000000000e+07 2.825839300000000094e+03 2.825903600000000097e+03 2.820432600000000093e+03 2.832394999999999982e+03 2.381848430000000000e+08 2.473929880000000000e+08 3.741999999999999771e-01
2.020041000000000000e+07 2.827187300000000050e+03 2.796631199999999808e+03 2.789975600000000213e+03 2.833014799999999923e+03 2.334547680000000000e+08 2.463763071999999881e+08 -1.035900000000000043e+00
2.020041300000000000e+07 2.784597900000000209e+03 2.783047599999999875e+03 2.774080800000000181e+03 2.792890600000000177e+03 1.771245540000000000e+08 1.841202840999999940e+08 -4.857000000000000206e-01
2.020041400000000000e+07 2.794800999999999931e+03 2.827282999999999902e+03 2.789427900000000136e+03 2.827298099999999977e+03 2.026965690000000000e+08 2.236056973000000119e+08 1.589499999999999913e+00
2.020041500000000000e+07 2.826661799999999857e+03 2.811174100000000180e+03 2.808703899999999976e+03 2.829750300000000152e+03 2.056211460000000000e+08 2.316316321999999881e+08 -5.697999999999999732e-01
2.020041600000000000e+07 2.798429500000000189e+03 2.819934999999999945e+03 2.796838799999999992e+03 2.823338200000000143e+03 2.030037730000000000e+08 2.224326009000000060e+08 3.115999999999999881e-01
2.020041700000000000e+07 2.835558100000000195e+03 2.838494499999999789e+03 2.830021699999999782e+03 2.854959899999999834e+03 2.457367500000000000e+08 2.800252291000000238e+08 6.582000000000000073e-01
2.020042000000000000e+07 2.840408500000000004e+03 2.852552799999999934e+03 2.833261500000000069e+03 2.852989999999999782e+03 2.118470780000000000e+08 2.337593131999999881e+08 4.953000000000000180e-01
2.020042100000000000e+07 2.842237200000000030e+03 2.827013300000000072e+03 2.808021400000000085e+03 2.842237200000000030e+03 2.332358700000000000e+08 2.486885856999999881e+08 -8.952999999999999847e-01
2.020042200000000000e+07 2.814066100000000006e+03 2.843980399999999918e+03 2.808481900000000223e+03 2.843980399999999918e+03 2.173200000000000000e+08 2.327967778000000119e+08 6.001999999999999558e-01
2.020042300000000000e+07 2.850510400000000118e+03 2.838499400000000151e+03 2.835896099999999933e+03 2.853635699999999815e+03 2.487790370000000000e+08 2.626620405000000000e+08 -1.927000000000000102e-01
2.020042400000000000e+07 2.834938700000000154e+03 2.808529300000000148e+03 2.802498900000000049e+03 2.834938700000000154e+03 2.351850760000000000e+08 2.441222915000000000e+08 -1.055800000000000072e+00
2.020042700000000000e+07 2.812242200000000139e+03 2.815494700000000194e+03 2.802957899999999881e+03 2.832666200000000117e+03 2.101309810000000000e+08 2.252937063000000119e+08 2.479999999999999982e-01
2.020042800000000000e+07 2.819991399999999885e+03 2.810024300000000039e+03 2.758245899999999892e+03 2.821744999999999891e+03 2.538727450000000000e+08 2.705347526000000238e+08 -1.943000000000000005e-01
2.020042900000000000e+07 2.801382999999999811e+03 2.822442399999999907e+03 2.800737900000000081e+03 2.831764200000000073e+03 2.020618070000000000e+08 2.227202216999999881e+08 4.419000000000000150e-01
2.020043000000000000e+07 2.832384300000000167e+03 2.860082199999999830e+03 2.832384300000000167e+03 2.865590000000000146e+03 2.424552780000000000e+08 2.774409340000000000e+08 1.333599999999999897e+00
2.020050600000000000e+07 2.831632599999999911e+03 2.878140199999999822e+03 2.830653600000000097e+03 2.879263399999999820e+03 2.498266160000000000e+08 3.038900310000000000e+08 6.313999999999999613e-01
2.020050700000000000e+07 2.876472699999999804e+03 2.871523200000000088e+03 2.864581299999999828e+03 2.882022199999999884e+03 2.267369570000000000e+08 2.686074853000000119e+08 -2.298999999999999932e-01
2.020050800000000000e+07 2.882707800000000134e+03 2.895344399999999951e+03 2.879203399999999874e+03 2.903796699999999873e+03 2.268220750000000000e+08 2.765627170000000000e+08 8.296000000000000041e-01
2.020051100000000000e+07 2.901573899999999867e+03 2.894802000000000135e+03 2.884380599999999959e+03 2.914283800000000156e+03 2.251204100000000000e+08 2.719306415000000000e+08 -1.870000000000000134e-02
2.020051200000000000e+07 2.894617099999999937e+03 2.891556399999999940e+03 2.871230000000000018e+03 2.897901800000000094e+03 1.970829850000000000e+08 2.384762188000000119e+08 -1.121000000000000052e-01
2.020051300000000000e+07 2.882955199999999877e+03 2.898049500000000080e+03 2.875535400000000209e+03 2.900258699999999862e+03 1.850613100000000000e+08 2.238669069000000060e+08 2.245999999999999941e-01
2.020051400000000000e+07 2.887057699999999841e+03 2.870342200000000048e+03 2.869183199999999943e+03 2.887057699999999841e+03 1.977762020000000000e+08 2.373369746999999881e+08 -9.560999999999999499e-01
2.020051500000000000e+07 2.880706700000000183e+03 2.868458700000000135e+03 2.863369799999999941e+03 2.884219900000000052e+03 1.889835920000000000e+08 2.468781910999999940e+08 -6.560000000000000553e-02
2.020051800000000000e+07 2.872524399999999787e+03 2.875417600000000220e+03 2.862270899999999983e+03 2.889979499999999916e+03 2.260228820000000000e+08 2.890895955000000000e+08 2.426000000000000101e-01
2.020051900000000000e+07 2.897686700000000201e+03 2.898576000000000022e+03 2.887576799999999821e+03 2.900218699999999899e+03 1.972224050000000000e+08 2.562778030999999940e+08 8.054000000000000048e-01
2.020052000000000000e+07 2.896465700000000197e+03 2.883737799999999879e+03 2.876176599999999780e+03 2.896465700000000197e+03 2.105199850000000000e+08 2.691765536000000238e+08 -5.119000000000000217e-01
2.020052100000000000e+07 2.890721300000000156e+03 2.867923699999999826e+03 2.864207300000000032e+03 2.891517699999999877e+03 2.035320380000000000e+08 2.505699375999999940e+08 -5.483999999999999986e-01
2.020052200000000000e+07 2.863046200000000226e+03 2.813765400000000227e+03 2.808017699999999877e+03 2.863046200000000226e+03 2.090637120000000000e+08 2.452296036999999881e+08 -1.888400000000000079e+00
2.020052500000000000e+07 2.816240999999999985e+03 2.817969700000000103e+03 2.802465299999999843e+03 2.821497800000000097e+03 1.728855570000000000e+08 2.021153525999999940e+08 1.494000000000000050e-01
2.020052600000000000e+07 2.827896699999999782e+03 2.846547300000000178e+03 2.825900999999999840e+03 2.848337100000000191e+03 1.745623690000000000e+08 2.074278336999999881e+08 1.014100000000000001e+00
2.020052700000000000e+07 2.847319800000000214e+03 2.836803600000000188e+03 2.831928100000000086e+03 2.848996500000000196e+03 1.981493430000000000e+08 2.279343956999999881e+08 -3.422999999999999932e-01
2.020052800000000000e+07 2.838207199999999830e+03 2.846221700000000055e+03 2.820145500000000084e+03 2.861924100000000180e+03 2.075460190000000000e+08 2.392342605999999940e+08 3.320000000000000173e-01
2.020052900000000000e+07 2.835583999999999833e+03 2.852351200000000063e+03 2.829627100000000155e+03 2.855375599999999849e+03 2.067928040000000000e+08 2.337989965999999940e+08 2.154000000000000081e-01
2.020060100000000000e+07 2.871964100000000144e+03 2.915431099999999788e+03 2.871964100000000144e+03 2.917150799999999890e+03 2.601960500000000000e+08 3.074162151000000238e+08 2.211500000000000021e+00
2.020060200000000000e+07 2.916316800000000057e+03 2.921398000000000138e+03 2.909127700000000004e+03 2.926358799999999974e+03 2.561080490000000000e+08 2.944027458999999762e+08 2.046999999999999931e-01
2.020060300000000000e+07 2.930390600000000177e+03 2.923371099999999842e+03 2.922661200000000008e+03 2.942759700000000066e+03 2.556639800000000000e+08 3.004478170000000000e+08 6.750000000000000444e-02
2.020060400000000000e+07 2.931837599999999838e+03 2.919250599999999849e+03 2.910751600000000053e+03 2.932967700000000150e+03 2.266058730000000000e+08 2.543459845000000000e+08 -1.409999999999999865e-01
2.020060500000000000e+07 2.923189100000000053e+03 2.930799300000000130e+03 2.909118100000000140e+03 2.930799300000000130e+03 2.173606730000000000e+08 2.531411425000000000e+08 3.956000000000000072e-01
2.020060800000000000e+07 2.941981600000000071e+03 2.937771200000000135e+03 2.934210300000000188e+03 2.950065599999999904e+03 2.311243600000000000e+08 2.746118156000000238e+08 2.379000000000000004e-01
2.020060900000000000e+07 2.939535100000000057e+03 2.956111600000000180e+03 2.932938500000000204e+03 2.957118599999999788e+03 2.090485850000000000e+08 2.514146961999999881e+08 6.242999999999999661e-01
2.020061000000000000e+07 2.951278400000000147e+03 2.943752500000000055e+03 2.934842799999999897e+03 2.951329799999999977e+03 2.079259690000000000e+08 2.439684965000000000e+08 -4.181000000000000272e-01
2.020061100000000000e+07 2.939791400000000067e+03 2.920896799999999985e+03 2.912193200000000161e+03 2.952650999999999840e+03 2.337229470000000000e+08 2.890232561000000238e+08 -7.763999999999999790e-01
2.020061200000000000e+07 2.876802900000000136e+03 2.919740800000000036e+03 2.872616500000000087e+03 2.930255000000000109e+03 2.360086420000000000e+08 2.743217261999999881e+08 -3.960000000000000325e-02
2.020061500000000000e+07 2.908276699999999892e+03 2.890030600000000049e+03 2.890030600000000049e+03 2.922536399999999958e+03 2.432050460000000000e+08 2.933615568000000119e+08 -1.017600000000000060e+00
2.020061600000000000e+07 2.912825100000000020e+03 2.931749299999999948e+03 2.909134100000000217e+03 2.931779100000000199e+03 2.233130650000000000e+08 2.709485585000000000e+08 1.443500000000000005e+00
2.020061700000000000e+07 2.932670799999999872e+03 2.935873000000000047e+03 2.919035300000000007e+03 2.936616199999999935e+03 2.346543910000000000e+08 2.780071106999999881e+08 1.406999999999999917e-01
2.020061800000000000e+07 2.929879899999999907e+03 2.939315099999999802e+03 2.920105399999999918e+03 2.942898299999999836e+03 2.586913770000000000e+08 2.893677278000000119e+08 1.171999999999999986e-01
2.020061900000000000e+07 2.938788700000000063e+03 2.967634100000000217e+03 2.935823899999999867e+03 2.973316400000000158e+03 2.643139610000000000e+08 3.190891066000000238e+08 9.635000000000000231e-01
2.020062200000000000e+07 2.966900799999999890e+03 2.965271699999999782e+03 2.959034999999999854e+03 2.983438200000000052e+03 2.678838340000000000e+08 3.460287483999999762e+08 -7.960000000000000409e-02
2.020062300000000000e+07 2.960887499999999818e+03 2.970620300000000043e+03 2.949846900000000005e+03 2.972402500000000146e+03 2.252122080000000000e+08 3.053787705000000000e+08 1.804000000000000048e-01
2.020062400000000000e+07 2.972982700000000023e+03 2.979550499999999829e+03 2.971223500000000058e+03 2.982942500000000109e+03 2.132007320000000000e+08 2.970087841000000238e+08 3.005999999999999783e-01
2.020062900000000000e+07 2.973075699999999870e+03 2.961516399999999976e+03 2.951770199999999932e+03 2.977912200000000212e+03 2.206227290000000000e+08 2.938860160000000000e+08 -6.052999999999999492e-01
2.020063000000000000e+07 2.965105399999999918e+03 2.984674100000000180e+03 2.965105399999999918e+03 2.990825299999999970e+03 2.149572140000000000e+08 2.973123283999999762e+08 7.820000000000000284e-01
2.020070100000000000e+07 2.991181300000000192e+03 3.025981000000000222e+03 2.984984100000000126e+03 3.026186200000000099e+03 2.733131400000000000e+08 3.698838023000000119e+08 1.383999999999999897e+00
2.020070200000000000e+07 3.023718899999999849e+03 3.090569300000000112e+03 3.021673600000000079e+03 3.092443200000000161e+03 3.911279960000000000e+08 4.782164823000000119e+08 2.134500000000000064e+00
2.020070300000000000e+07 3.103995199999999841e+03 3.152812600000000202e+03 3.103995199999999841e+03 3.152812600000000202e+03 4.587938510000000000e+08 5.354893346999999881e+08 2.013999999999999790e+00
2.020070600000000000e+07 3.187839300000000094e+03 3.332880700000000161e+03 3.187839300000000094e+03 3.337272300000000087e+03 6.438789060000000000e+08 7.241536757000000477e+08 5.711299999999999599e+00
2.020070700000000000e+07 3.380953599999999824e+03 3.345336899999999787e+03 3.336241599999999835e+03 3.407081099999999878e+03 6.578401590000000000e+08 7.936383723999999762e+08 3.736999999999999766e-01
2.020070800000000000e+07 3.337551800000000185e+03 3.403440099999999802e+03 3.327706200000000081e+03 3.421531199999999899e+03 5.870816850000000000e+08 6.968076345000000000e+08 1.736799999999999899e+00
2.020070900000000000e+07 3.403483200000000124e+03 3.450593499999999949e+03 3.393637900000000172e+03 3.456972099999999955e+03 6.200018230000000000e+08 7.514068303999999762e+08 1.385499999999999954e+00
2.020071000000000000e+07 3.418934699999999793e+03 3.383322200000000066e+03 3.372506600000000162e+03 3.433108499999999822e+03 5.561200110000000000e+08 7.031975503999999762e+08 -1.949600000000000000e+00
2.020071300000000000e+07 3.379386700000000019e+03 3.443286300000000210e+03 3.369037800000000061e+03 3.458791400000000067e+03 5.580068750000000000e+08 7.173970531000000238e+08 1.772299999999999986e+00
2.020071400000000000e+07 3.435023700000000190e+03 3.414618599999999788e+03 3.366082800000000134e+03 3.451222400000000107e+03 5.432114920000000000e+08 7.073270052000000477e+08 -8.326000000000000068e-01
2.020071500000000000e+07 3.422077800000000025e+03 3.361304399999999987e+03 3.345748799999999846e+03 3.432450600000000122e+03 4.920305420000000000e+08 6.747274097999999523e+08 -1.561399999999999899e+00
2.020071600000000000e+07 3.356358999999999924e+03 3.210098599999999806e+03 3.209727199999999812e+03 3.373531700000000001e+03 4.906131230000000000e+08 6.794683406000000238e+08 -4.498400000000000176e+00
2.020071700000000000e+07 3.214402199999999993e+03 3.214128700000000208e+03 3.181274499999999989e+03 3.252778600000000097e+03 3.596524130000000000e+08 4.865361183000000119e+08 1.255000000000000004e-01
2.020072000000000000e+07 3.243910499999999956e+03 3.314148999999999887e+03 3.220684000000000196e+03 3.314148999999999887e+03 4.185553060000000000e+08 5.440456562000000477e+08 3.111899999999999888e+00
2.020072100000000000e+07 3.330546699999999873e+03 3.320894699999999830e+03 3.300571899999999914e+03 3.336679099999999835e+03 3.592520290000000000e+08 4.888621803999999762e+08 2.034999999999999865e-01
2.020072200000000000e+07 3.315181599999999889e+03 3.333163500000000113e+03 3.311786200000000008e+03 3.381975699999999961e+03 3.933353350000000000e+08 5.405770406000000238e+08 3.694000000000000061e-01
2.020072300000000000e+07 3.306148900000000140e+03 3.325110200000000077e+03 3.257826900000000023e+03 3.336300200000000132e+03 4.070424990000000000e+08 5.468870897000000477e+08 -2.416000000000000092e-01
2.020072400000000000e+07 3.310644899999999780e+03 3.196768399999999929e+03 3.184964500000000044e+03 3.319126800000000003e+03 4.270540260000000000e+08 5.843118650000000000e+08 -3.859799999999999898e+00
2.020072700000000000e+07 3.210386300000000119e+03 3.205226799999999912e+03 3.174658300000000054e+03 3.221984599999999773e+03 2.993190210000000000e+08 4.022319193000000119e+08 2.646000000000000019e-01
2.020072800000000000e+07 3.226132900000000063e+03 3.227960399999999936e+03 3.208493899999999940e+03 3.245296699999999873e+03 2.893778610000000000e+08 3.898736961999999881e+08 7.093000000000000416e-01
2.020072900000000000e+07 3.221988299999999981e+03 3.294552099999999882e+03 3.209990200000000186e+03 3.294552099999999882e+03 3.249240620000000000e+08 4.530943995000000000e+08 2.063000000000000167e+00
2.020073000000000000e+07 3.299571800000000167e+03 3.286822000000000116e+03 3.282161700000000110e+03 3.312450800000000072e+03 3.407041210000000000e+08 4.769740056000000238e+08 -2.346000000000000030e-01
2.020073100000000000e+07 3.280795900000000074e+03 3.310006499999999960e+03 3.261613499999999931e+03 3.333785899999999856e+03 3.537589790000000000e+08 4.957780406999999881e+08 7.054000000000000270e-01
2.020080300000000000e+07 3.332182600000000093e+03 3.367965799999999945e+03 3.327677299999999832e+03 3.368102800000000116e+03 4.074608670000000000e+08 5.724307597999999523e+08 1.750999999999999890e+00
2.020080400000000000e+07 3.376440200000000004e+03 3.371687500000000000e+03 3.352501699999999801e+03 3.391074300000000221e+03 4.423285510000000000e+08 6.049421415000000000e+08 1.105000000000000010e-01
2.020080500000000000e+07 3.363332399999999780e+03 3.377564800000000105e+03 3.333876999999999953e+03 3.383636500000000069e+03 3.858230270000000000e+08 5.265150546999999881e+08 1.743000000000000105e-01
2.020080600000000000e+07 3.380762099999999919e+03 3.386463099999999940e+03 3.334334100000000035e+03 3.392704799999999977e+03 4.153025100000000000e+08 5.704882481000000238e+08 2.635000000000000120e-01
2.020080700000000000e+07 3.370587799999999788e+03 3.354035199999999804e+03 3.307712700000000041e+03 3.374132999999999811e+03 4.039296330000000000e+08 5.614356496000000238e+08 -9.576000000000000068e-01
2.020081000000000000e+07 3.341527599999999893e+03 3.379252399999999852e+03 3.335042699999999968e+03 3.399932299999999941e+03 3.813796300000000000e+08 5.270839446000000238e+08 7.518000000000000238e-01
2.020081100000000000e+07 3.379487399999999980e+03 3.340289999999999964e+03 3.336094500000000153e+03 3.409058899999999994e+03 4.004527060000000000e+08 5.140207641000000238e+08 -1.153000000000000025e+00
2.020081200000000000e+07 3.327492900000000191e+03 3.319265600000000177e+03 3.263265300000000025e+03 3.335728999999999814e+03 3.783289590000000000e+08 4.807312461000000238e+08 -6.293999999999999595e-01
2.020081300000000000e+07 3.328175400000000081e+03 3.320726099999999860e+03 3.309462899999999991e+03 3.338151800000000094e+03 3.242912780000000000e+08 3.871622886000000238e+08 4.399999999999999745e-02
2.020081400000000000e+07 3.315668700000000172e+03 3.360098800000000210e+03 3.302735700000000179e+03 3.362026699999999892e+03 3.059983760000000000e+08 3.674674216999999881e+08 1.185699999999999976e+00
2.020081700000000000e+07 3.373901800000000094e+03 3.438800999999999931e+03 3.369374200000000201e+03 3.450898700000000190e+03 4.345982600000000000e+08 5.374250751000000238e+08 2.342299999999999827e+00
2.020081800000000000e+07 3.441933700000000044e+03 3.451089399999999841e+03 3.432640199999999822e+03 3.456720600000000104e+03 3.807292750000000000e+08 4.930521553000000119e+08 3.573000000000000065e-01
2.020081900000000000e+07 3.444564600000000155e+03 3.408128799999999956e+03 3.406164200000000164e+03 3.454461299999999937e+03 4.057222140000000000e+08 4.982621583000000119e+08 -1.244799999999999907e+00
2.020082000000000000e+07 3.385964500000000044e+03 3.363898799999999937e+03 3.352776699999999892e+03 3.394556999999999789e+03 3.356009820000000000e+08 4.018155501000000238e+08 -1.297800000000000065e+00
2.020082100000000000e+07 3.380226900000000114e+03 3.380682499999999891e+03 3.358000500000000102e+03 3.393917500000000018e+03 2.874883400000000000e+08 3.612817526999999881e+08 4.989000000000000101e-01
2.020082400000000000e+07 3.391113199999999779e+03 3.385638300000000072e+03 3.368025799999999890e+03 3.396566299999999956e+03 2.662278410000000000e+08 3.456833800000000000e+08 1.466000000000000081e-01
2.020082500000000000e+07 3.392879699999999957e+03 3.373578100000000177e+03 3.364160199999999804e+03 3.408869700000000194e+03 2.771134210000000000e+08 3.559977908000000119e+08 -3.562000000000000166e-01
2.020082600000000000e+07 3.371808300000000145e+03 3.329738800000000083e+03 3.320135499999999865e+03 3.382603200000000015e+03 2.944510360000000000e+08 3.819289066000000238e+08 -1.299500000000000099e+00
2.020082700000000000e+07 3.333490899999999783e+03 3.350112799999999879e+03 3.312985900000000129e+03 3.351832399999999780e+03 2.370993530000000000e+08 3.171533915000000000e+08 6.118999999999999995e-01
2.020082800000000000e+07 3.346289299999999912e+03 3.403806599999999889e+03 3.339649399999999787e+03 3.405876800000000003e+03 2.713255490000000000e+08 3.793670463999999762e+08 1.602700000000000014e+00
2.020083100000000000e+07 3.416549700000000030e+03 3.395677499999999782e+03 3.395467500000000200e+03 3.442736300000000028e+03 3.234738900000000000e+08 4.369301253999999762e+08 -2.388000000000000123e-01
2.020090100000000000e+07 3.389742400000000089e+03 3.410606800000000021e+03 3.381710799999999836e+03 3.410606800000000021e+03 2.469992490000000000e+08 3.268509553000000119e+08 4.396999999999999797e-01
2.020090200000000000e+07 3.420469300000000203e+03 3.404801699999999983e+03 3.377211099999999988e+03 3.421395899999999983e+03 2.615463190000000000e+08 3.456389823000000119e+08 -1.701999999999999902e-01
2.020090300000000000e+07 3.404031899999999951e+03 3.384980599999999868e+03 3.374263399999999820e+03 3.425629399999999805e+03 2.553462790000000000e+08 3.507065638999999762e+08 -5.822000000000000508e-01
2.020090400000000000e+07 3.336407600000000002e+03 3.355366599999999835e+03 3.328551800000000185e+03 3.360106099999999969e+03 2.216365500000000000e+08 3.081796576000000238e+08 -8.749000000000000110e-01
2.020090700000000000e+07 3.349918400000000020e+03 3.292590700000000197e+03 3.285632599999999911e+03 3.368244599999999991e+03 2.606165670000000000e+08 3.577264638999999762e+08 -1.870900000000000007e+00
2.020090800000000000e+07 3.301217299999999796e+03 3.316416999999999916e+03 3.276443099999999959e+03 3.324392899999999827e+03 2.710662780000000000e+08 3.202299013000000119e+08 7.236000000000000210e-01
2.020090900000000000e+07 3.280997400000000198e+03 3.254627899999999954e+03 3.238560599999999795e+03 3.289614799999999832e+03 3.515097470000000000e+08 3.410545341000000238e+08 -1.863099999999999978e+00
2.020091000000000000e+07 3.282231999999999971e+03 3.234823400000000220e+03 3.227643500000000131e+03 3.285473100000000159e+03 3.124728040000000000e+08 3.096767436000000238e+08 -6.085000000000000409e-01
2.020091100000000000e+07 3.225783600000000206e+03 3.260346100000000206e+03 3.220536300000000210e+03 3.262497600000000148e+03 2.216988300000000000e+08 2.548449943000000119e+08 7.890000000000000346e-01
2.020091400000000000e+07 3.275918099999999868e+03 3.278813799999999901e+03 3.261147899999999936e+03 3.283532499999999800e+03 2.139241370000000000e+08 2.692199196999999881e+08 5.664000000000000146e-01
2.020091500000000000e+07 3.277128400000000056e+03 3.295679500000000189e+03 3.263752199999999903e+03 3.297690399999999954e+03 1.976844000000000000e+08 2.517638685000000000e+08 5.143999999999999684e-01
2.020091600000000000e+07 3.293167800000000170e+03 3.283924399999999878e+03 3.271074999999999818e+03 3.302455599999999777e+03 2.004433640000000000e+08 2.422708935000000000e+08 -3.567000000000000171e-01
2.020091700000000000e+07 3.277323800000000119e+03 3.270434999999999945e+03 3.248498999999999796e+03 3.290409400000000005e+03 2.029319720000000000e+08 2.793110533999999762e+08 -4.107999999999999985e-01
2.020091800000000000e+07 3.270911000000000058e+03 3.338089699999999993e+03 3.268525999999999840e+03 3.338324300000000221e+03 2.562607880000000000e+08 3.370258928999999762e+08 2.068700000000000205e+00
2.020092100000000000e+07 3.348898799999999937e+03 3.316935100000000148e+03 3.313071399999999812e+03 3.350589300000000094e+03 2.165030930000000000e+08 2.876913081000000238e+08 -6.337000000000000410e-01
2.020092200000000000e+07 3.290665599999999813e+03 3.274301500000000033e+03 3.265702499999999873e+03 3.320227800000000116e+03 2.140150650000000000e+08 2.691132936999999881e+08 -1.285300000000000109e+00
2.020092300000000000e+07 3.278835799999999836e+03 3.279710500000000138e+03 3.264890699999999924e+03 3.289762400000000071e+03 1.691780680000000000e+08 2.407424288000000119e+08 1.652000000000000135e-01
2.020092400000000000e+07 3.262878999999999905e+03 3.223176399999999830e+03 3.221236499999999978e+03 3.265345100000000002e+03 2.067360110000000000e+08 2.582599196999999881e+08 -1.723799999999999999e+00
2.020092500000000000e+07 3.234373900000000049e+03 3.219417899999999918e+03 3.208034900000000107e+03 3.239466199999999844e+03 1.648224190000000000e+08 2.206744770000000000e+08 -1.165999999999999953e-01
2.020092800000000000e+07 3.224976900000000114e+03 3.217534599999999955e+03 3.210892499999999927e+03 3.238182499999999891e+03 1.559827830000000000e+08 2.096723875999999940e+08 -5.850000000000000339e-02
2.020092900000000000e+07 3.231855100000000220e+03 3.224359300000000076e+03 3.219790199999999913e+03 3.242793700000000172e+03 1.513498700000000000e+08 2.073078138000000119e+08 2.121000000000000107e-01
2.020093000000000000e+07 3.232710399999999936e+03 3.218052099999999882e+03 3.202343499999999949e+03 3.244913399999999911e+03 1.535044570000000000e+08 2.057628573000000119e+08 -1.955999999999999961e-01
2.020100900000000000e+07 3.262610499999999774e+03 3.272076199999999972e+03 3.260187300000000050e+03 3.280512400000000071e+03 1.883256480000000000e+08 2.641710438000000119e+08 1.678800000000000070e+00
2.020101200000000000e+07 3.287328100000000177e+03 3.358465200000000095e+03 3.286111100000000079e+03 3.359152599999999893e+03 2.596224080000000000e+08 3.557001136999999881e+08 2.640200000000000102e+00
2.020101300000000000e+07 3.353121299999999792e+03 3.359749899999999798e+03 3.334498900000000049e+03 3.361831499999999778e+03 2.049261030000000000e+08 2.885058375000000000e+08 3.830000000000000071e-02
2.020101400000000000e+07 3.353624699999999848e+03 3.340778200000000197e+03 3.332963499999999840e+03 3.353624699999999848e+03 1.986593820000000000e+08 2.811599846999999881e+08 -5.646999999999999797e-01
2.020101500000000000e+07 3.342922199999999975e+03 3.332183199999999943e+03 3.330001400000000103e+03 3.354578399999999874e+03 1.910312820000000000e+08 2.638486740000000000e+08 -2.572999999999999732e-01
2.020101600000000000e+07 3.334456799999999930e+03 3.336358200000000124e+03 3.319110000000000127e+03 3.348954299999999876e+03 1.942954210000000000e+08 2.534480295000000000e+08 1.252999999999999947e-01
2.020101900000000000e+07 3.351096100000000206e+03 3.312667100000000119e+03 3.307840700000000197e+03 3.371086200000000190e+03 2.123035400000000000e+08 2.838827901999999881e+08 -7.100999999999999535e-01
2.020102000000000000e+07 3.307149800000000141e+03 3.328102899999999863e+03 3.293766200000000026e+03 3.328102899999999863e+03 1.650847620000000000e+08 2.278233670999999940e+08 4.660000000000000253e-01
2.020102100000000000e+07 3.332146999999999935e+03 3.325024699999999939e+03 3.304169300000000021e+03 3.332146999999999935e+03 1.776321150000000000e+08 2.468481390000000000e+08 -9.249999999999999889e-02
2.020102200000000000e+07 3.315820600000000013e+03 3.312500500000000102e+03 3.281366199999999935e+03 3.320878700000000208e+03 1.659499870000000000e+08 2.364282489000000060e+08 -3.766999999999999793e-01
2.020102300000000000e+07 3.308158100000000104e+03 3.277997199999999793e+03 3.276619700000000194e+03 3.326048899999999776e+03 1.742089820000000000e+08 2.499128833000000119e+08 -1.041600000000000081e+00
2.020102600000000000e+07 3.258702800000000025e+03 3.251118800000000192e+03 3.226601799999999912e+03 3.264446399999999812e+03 1.677317950000000000e+08 2.354624684000000060e+08 -8.199999999999999512e-01
2.020102700000000000e+07 3.240739500000000135e+03 3.254315700000000106e+03 3.235544300000000021e+03 3.258336899999999787e+03 1.491155660000000000e+08 2.174874209000000060e+08 9.829999999999999849e-02
2.020102800000000000e+07 3.256222499999999854e+03 3.269237999999999829e+03 3.238382000000000062e+03 3.275871399999999994e+03 1.731819650000000000e+08 2.562134581999999881e+08 4.585000000000000187e-01
2.020102900000000000e+07 3.235764700000000175e+03 3.272727400000000216e+03 3.231124299999999948e+03 3.289765499999999975e+03 1.847035890000000000e+08 2.786056651999999881e+08 1.067000000000000032e-01
2.020103000000000000e+07 3.278631199999999808e+03 3.224532499999999800e+03 3.219421600000000126e+03 3.279856299999999919e+03 2.301888030000000000e+08 3.289172416000000238e+08 -1.472599999999999909e+00
2.020110200000000000e+07 3.228715000000000146e+03 3.225119599999999991e+03 3.209909400000000005e+03 3.242804099999999835e+03 2.267791370000000000e+08 3.253218691000000238e+08 1.820000000000000090e-02
2.020110300000000000e+07 3.239806300000000192e+03 3.271074399999999969e+03 3.237853900000000067e+03 3.278380599999999959e+03 2.152978640000000000e+08 3.037301478000000119e+08 1.424900000000000055e+00
2.020110400000000000e+07 3.273432600000000093e+03 3.277440200000000004e+03 3.254111300000000028e+03 3.286621200000000044e+03 1.885141280000000000e+08 2.707238465000000000e+08 1.945999999999999952e-01
2.020110500000000000e+07 3.305579799999999977e+03 3.320133299999999963e+03 3.291599999999999909e+03 3.320407999999999902e+03 2.268014620000000000e+08 3.162927100000000000e+08 1.302599999999999980e+00
2.020110600000000000e+07 3.326464500000000044e+03 3.312159000000000106e+03 3.292150700000000143e+03 3.326464500000000044e+03 2.348641320000000000e+08 3.254850566999999881e+08 -2.401999999999999968e-01
2.020110900000000000e+07 3.329428499999999985e+03 3.373733700000000226e+03 3.329428499999999985e+03 3.380823499999999967e+03 3.102197710000000000e+08 4.299489218999999762e+08 1.859099999999999975e+00
2.020111000000000000e+07 3.387621900000000096e+03 3.360148499999999785e+03 3.346171499999999924e+03 3.387621900000000096e+03 2.787011130000000000e+08 3.900083916999999881e+08 -4.027000000000000024e-01
2.020111100000000000e+07 3.354024699999999939e+03 3.342202499999999873e+03 3.339040700000000015e+03 3.365835999999999785e+03 2.712046530000000000e+08 3.558020655000000000e+08 -5.341000000000000192e-01
2.020111200000000000e+07 3.344456200000000081e+03 3.338678800000000138e+03 3.329485000000000127e+03 3.350284799999999905e+03 2.165013090000000000e+08 2.869274363999999762e+08 -1.053999999999999937e-01
2.020111300000000000e+07 3.327229299999999967e+03 3.310104600000000119e+03 3.291642499999999927e+03 3.327229299999999967e+03 2.278983640000000000e+08 3.015279668999999762e+08 -8.558999999999999941e-01
2.020111600000000000e+07 3.325620899999999892e+03 3.346969200000000001e+03 3.313646900000000187e+03 3.346969200000000001e+03 2.795937610000000000e+08 3.337506001000000238e+08 1.113699999999999912e+00
2.020111700000000000e+07 3.347151299999999992e+03 3.339894999999999982e+03 3.323950600000000122e+03 3.347697900000000118e+03 2.836324790000000000e+08 3.536233698999999762e+08 -2.114000000000000046e-01
2.020111800000000000e+07 3.337331499999999778e+03 3.347303399999999783e+03 3.333991599999999835e+03 3.358893799999999828e+03 2.875312590000000000e+08 3.587453673999999762e+08 2.217999999999999972e-01
2.020111900000000000e+07 3.339086400000000140e+03 3.363087599999999838e+03 3.330449599999999919e+03 3.367332800000000134e+03 2.532629920000000000e+08 3.195201945000000000e+08 4.714999999999999747e-01
2.020112000000000000e+07 3.359596599999999853e+03 3.377726700000000164e+03 3.356308599999999842e+03 3.380148900000000140e+03 2.612712190000000000e+08 3.126597891000000238e+08 4.353000000000000203e-01
2.020112300000000000e+07 3.384103900000000067e+03 3.414489900000000034e+03 3.377986199999999826e+03 3.431652900000000045e+03 3.738720470000000000e+08 4.315043756000000238e+08 1.088400000000000034e+00
2.020112400000000000e+07 3.407408699999999953e+03 3.402822500000000218e+03 3.396243599999999788e+03 3.413926300000000083e+03 3.009941440000000000e+08 3.595058048999999762e+08 -3.417000000000000037e-01
2.020112500000000000e+07 3.417514999999999873e+03 3.362327400000000125e+03 3.362327400000000125e+03 3.423485299999999825e+03 3.221102070000000000e+08 3.834777851999999881e+08 -1.189999999999999947e+00
2.020112600000000000e+07 3.360060899999999947e+03 3.369733400000000074e+03 3.344282200000000103e+03 3.371453700000000026e+03 2.558868220000000000e+08 3.173086350000000000e+08 2.202999999999999958e-01
2.020112700000000000e+07 3.373843400000000202e+03 3.408307099999999991e+03 3.364491899999999987e+03 3.408307099999999991e+03 2.806498940000000000e+08 3.260695471999999881e+08 1.144700000000000051e+00
2.020113000000000000e+07 3.418158300000000054e+03 3.391755099999999857e+03 3.391755099999999857e+03 3.456736499999999978e+03 3.849899680000000000e+08 4.545005718000000119e+08 -4.855999999999999761e-01
2.020120100000000000e+07 3.388986699999999928e+03 3.451938400000000001e+03 3.386911300000000210e+03 3.457635400000000118e+03 3.161889800000000000e+08 3.852507513000000119e+08 1.774399999999999977e+00
2.020120200000000000e+07 3.453518099999999777e+03 3.449380500000000211e+03 3.435871200000000044e+03 3.465728799999999865e+03 3.128111140000000000e+08 3.833408451000000238e+08 -7.409999999999999920e-02
2.020120300000000000e+07 3.448540300000000116e+03 3.442135900000000220e+03 3.428804399999999987e+03 3.452161200000000008e+03 2.984599300000000000e+08 3.524222866000000238e+08 -2.099999999999999922e-01
2.020120400000000000e+07 3.436729100000000017e+03 3.444581400000000031e+03 3.417048400000000129e+03 3.448403600000000097e+03 2.562767050000000000e+08 3.293932083000000119e+08 7.099999999999999367e-02
2.020120700000000000e+07 3.446647800000000188e+03 3.416603700000000117e+03 3.414314199999999801e+03 3.449578199999999924e+03 2.545225080000000000e+08 3.368368003000000119e+08 -8.122000000000000330e-01
2.020120800000000000e+07 3.417693600000000060e+03 3.410177099999999882e+03 3.403026299999999992e+03 3.428661799999999857e+03 2.269073280000000000e+08 3.046350335000000000e+08 -1.880999999999999894e-01
2.020120900000000000e+07 3.416078199999999924e+03 3.371963999999999942e+03 3.371915599999999813e+03 3.422536000000000058e+03 2.607474240000000000e+08 3.393178063000000119e+08 -1.120600000000000041e+00
2.020121000000000000e+07 3.365731000000000222e+03 3.373275799999999890e+03 3.357753099999999904e+03 3.384887499999999818e+03 2.473083040000000000e+08 3.216163571999999881e+08 3.889999999999999708e-02
2.020121100000000000e+07 3.381007999999999811e+03 3.347190999999999804e+03 3.325172000000000025e+03 3.383178300000000036e+03 2.986171580000000000e+08 3.798488036000000238e+08 -7.732999999999999874e-01
2.020121400000000000e+07 3.349534000000000106e+03 3.369120100000000093e+03 3.338626299999999901e+03 3.371129100000000108e+03 2.398079260000000000e+08 3.162291328999999762e+08 6.551000000000000156e-01
2.020121500000000000e+07 3.366581299999999828e+03 3.367232599999999820e+03 3.348419199999999819e+03 3.373557899999999790e+03 2.256674020000000000e+08 3.152897413000000119e+08 -5.600000000000000117e-02
2.020121600000000000e+07 3.371263199999999870e+03 3.366983200000000124e+03 3.359170500000000175e+03 3.378662600000000111e+03 2.208139760000000000e+08 3.088233853000000119e+08 -7.400000000000000328e-03
2.020121700000000000e+07 3.367277000000000044e+03 3.404873199999999997e+03 3.354011199999999917e+03 3.406154700000000048e+03 2.754636310000000000e+08 3.647404771999999881e+08 1.125299999999999967e+00
2.020121800000000000e+07 3.400485499999999774e+03 3.394896000000000186e+03 3.382750799999999799e+03 3.413813400000000001e+03 2.809926410000000000e+08 3.540273768999999762e+08 -2.929999999999999827e-01
2.020122100000000000e+07 3.394394499999999880e+03 3.420569300000000112e+03 3.381115800000000036e+03 3.423608799999999974e+03 2.837597940000000000e+08 3.838989516000000238e+08 7.561999999999999833e-01
2.020122200000000000e+07 3.410967799999999897e+03 3.356782200000000103e+03 3.353858099999999922e+03 3.415753799999999956e+03 3.230376540000000000e+08 4.321995565000000000e+08 -1.864800000000000013e+00
2.020122300000000000e+07 3.362472099999999955e+03 3.382319500000000062e+03 3.360201900000000023e+03 3.394208900000000085e+03 2.995235270000000000e+08 4.132547791000000238e+08 7.608000000000000318e-01
2.020122400000000000e+07 3.382193000000000211e+03 3.363113299999999981e+03 3.354021499999999833e+03 3.394074599999999919e+03 2.750444500000000000e+08 3.633211443000000119e+08 -5.677999999999999714e-01
2.020122500000000000e+07 3.351790100000000166e+03 3.396562600000000202e+03 3.348345299999999952e+03 3.397006600000000162e+03 2.945468950000000000e+08 3.590944446999999881e+08 9.946000000000000396e-01
2.020122800000000000e+07 3.396358999999999924e+03 3.397285400000000209e+03 3.383653999999999996e+03 3.412519299999999930e+03 3.161815420000000000e+08 3.981599688000000119e+08 2.129999999999999949e-02
2.020122900000000000e+07 3.399293900000000122e+03 3.379036200000000008e+03 3.376087599999999838e+03 3.407088400000000092e+03 3.117691850000000000e+08 3.821025638000000119e+08 -5.372000000000000108e-01
2.020123000000000000e+07 3.375008600000000115e+03 3.414452699999999822e+03 3.374415599999999813e+03 3.414453899999999976e+03 2.910235430000000000e+08 3.775423508999999762e+08 1.048100000000000032e+00
2.020123100000000000e+07 3.419726700000000164e+03 3.473069300000000112e+03 3.419726700000000164e+03 3.474918200000000070e+03 3.356739260000000000e+08 4.504823188999999762e+08 1.716699999999999893e+00
2.021010400000000000e+07 3.474679299999999785e+03 3.502958399999999983e+03 3.457206099999999878e+03 3.511655400000000100e+03 3.807908000000000000e+08 5.233677008000000119e+08 8.606000000000000316e-01
2.021010500000000000e+07 3.492191200000000208e+03 3.528676699999999983e+03 3.484715099999999893e+03 3.528676699999999983e+03 4.079959340000000000e+08 5.680194622000000477e+08 7.341999999999999638e-01
2.021010600000000000e+07 3.530907200000000103e+03 3.550876699999999801e+03 3.513126200000000154e+03 3.556802200000000084e+03 3.702309260000000000e+08 5.217995298000000119e+08 6.290999999999999925e-01
2.021010700000000000e+07 3.552908699999999953e+03 3.576204600000000028e+03 3.526617400000000089e+03 3.576204600000000028e+03 4.053482260000000000e+08 5.457096281000000238e+08 7.133000000000000451e-01
2.021010800000000000e+07 3.577692300000000159e+03 3.570108200000000124e+03 3.544891200000000026e+03 3.588062500000000000e+03 3.455578960000000000e+08 5.021708156000000238e+08 -1.705000000000000127e-01
2.021011100000000000e+07 3.571321199999999862e+03 3.531497800000000097e+03 3.516986199999999826e+03 3.597702200000000175e+03 3.624791540000000000e+08 5.268959273000000119e+08 -1.081499999999999906e+00
2.021011200000000000e+07 3.518010600000000068e+03 3.608338900000000194e+03 3.517468899999999849e+03 3.608338900000000194e+03 3.234061530000000000e+08 4.857711863000000119e+08 2.175899999999999945e+00
2.021011300000000000e+07 3.613280999999999949e+03 3.598651800000000094e+03 3.575594500000000153e+03 3.622347499999999854e+03 3.881277910000000000e+08 5.548534391000000238e+08 -2.685000000000000164e-01
2.021011400000000000e+07 3.584932400000000143e+03 3.565904599999999846e+03 3.559600100000000111e+03 3.599058399999999892e+03 3.476668190000000000e+08 5.113251036999999881e+08 -9.100000000000000311e-01
2.021011500000000000e+07 3.566284700000000157e+03 3.566377800000000207e+03 3.533788199999999961e+03 3.589265499999999975e+03 3.246127440000000000e+08 4.803437810000000000e+08 1.329999999999999932e-02
2.021011800000000000e+07 3.554797700000000077e+03 3.596223700000000008e+03 3.544261399999999867e+03 3.608766500000000178e+03 3.016525650000000000e+08 4.517407003999999762e+08 8.368999999999999773e-01
2.021011900000000000e+07 3.596356400000000122e+03 3.566381400000000212e+03 3.553023599999999988e+03 3.603147699999999986e+03 3.234395410000000000e+08 4.674025823999999762e+08 -8.297999999999999821e-01
2.021012000000000000e+07 3.564121000000000095e+03 3.583092000000000098e+03 3.556442500000000109e+03 3.589962399999999889e+03 2.722716610000000000e+08 3.971447661999999881e+08 4.686000000000000165e-01
2.021012100000000000e+07 3.590924700000000030e+03 3.621264099999999871e+03 3.585801699999999983e+03 3.636244400000000041e+03 3.274669950000000000e+08 4.698552266000000238e+08 1.065299999999999914e+00
2.021012200000000000e+07 3.616540100000000166e+03 3.606749600000000100e+03 3.585033899999999903e+03 3.616540100000000166e+03 3.244630840000000000e+08 4.854521923999999762e+08 -4.007999999999999896e-01
2.021012500000000000e+07 3.605361100000000079e+03 3.624238100000000031e+03 3.591020399999999881e+03 3.637100199999999859e+03 3.273410700000000000e+08 5.272573476999999881e+08 4.848999999999999977e-01
2.021012600000000000e+07 3.610968600000000151e+03 3.569429000000000087e+03 3.564741500000000087e+03 3.610968600000000151e+03 2.781398840000000000e+08 4.363266646000000238e+08 -1.512299999999999978e+00
2.021012700000000000e+07 3.567548499999999876e+03 3.573341199999999844e+03 3.546492000000000189e+03 3.578796800000000076e+03 2.641071610000000000e+08 3.962703896000000238e+08 1.096000000000000030e-01
2.021012800000000000e+07 3.534668500000000222e+03 3.505175900000000183e+03 3.496878799999999956e+03 3.549543999999999869e+03 2.708624610000000000e+08 3.915743880000000000e+08 -1.907599999999999962e+00
2.021012900000000000e+07 3.521717500000000200e+03 3.483069199999999910e+03 3.446547099999999773e+03 3.531598100000000159e+03 2.936626640000000000e+08 4.165286210000000000e+08 -6.307000000000000384e-01
2.021020100000000000e+07 3.477171499999999924e+03 3.505283600000000206e+03 3.469875000000000000e+03 3.506388899999999921e+03 2.775679010000000000e+08 3.714730663000000119e+08 6.378000000000000336e-01
2.021020200000000000e+07 3.510808399999999892e+03 3.533684900000000198e+03 3.495568099999999959e+03 3.535501999999999953e+03 2.645406300000000000e+08 3.841278511000000238e+08 8.102000000000000313e-01
2.021020300000000000e+07 3.531148999999999887e+03 3.517307999999999993e+03 3.508506899999999860e+03 3.544009199999999964e+03 2.973517160000000000e+08 4.137314720000000000e+08 -4.635000000000000231e-01
2.021020400000000000e+07 3.503778499999999894e+03 3.501859199999999873e+03 3.465770599999999831e+03 3.524721900000000005e+03 2.988348540000000000e+08 4.187425528000000119e+08 -4.391999999999999793e-01
2.021020500000000000e+07 3.509487399999999980e+03 3.496332899999999881e+03 3.492962399999999889e+03 3.536541700000000219e+03 2.901461740000000000e+08 3.973919196000000238e+08 -1.577999999999999958e-01
2.021020800000000000e+07 3.504563099999999849e+03 3.532446699999999964e+03 3.492128600000000006e+03 3.542207499999999982e+03 2.497996190000000000e+08 3.591873191999999881e+08 1.032899999999999929e+00
2.021020900000000000e+07 3.539772599999999784e+03 3.603489000000000033e+03 3.528675499999999829e+03 3.604011199999999917e+03 2.538217600000000000e+08 3.715679725000000000e+08 2.011099999999999888e+00
2.021021000000000000e+07 3.612612500000000182e+03 3.655088000000000193e+03 3.612504899999999907e+03 3.662765499999999975e+03 2.579408240000000000e+08 3.926433896000000238e+08 1.431899999999999951e+00
2.021021800000000000e+07 3.721086499999999887e+03 3.675357100000000173e+03 3.663663700000000063e+03 3.731686999999999898e+03 3.403090650000000000e+08 4.835465646000000238e+08 5.544999999999999929e-01
2.021021900000000000e+07 3.661783399999999801e+03 3.696168000000000120e+03 3.634014900000000125e+03 3.699650200000000041e+03 3.610598040000000000e+08 4.849902058000000119e+08 5.662000000000000366e-01
2.021022200000000000e+07 3.707191200000000208e+03 3.642444899999999961e+03 3.642444899999999961e+03 3.717266900000000078e+03 4.888214780000000000e+08 5.993231021000000238e+08 -1.453500000000000014e+00
2.021022300000000000e+07 3.617701300000000174e+03 3.636357300000000123e+03 3.617701300000000174e+03 3.672151100000000042e+03 3.988731740000000000e+08 4.796318101999999881e+08 -1.670999999999999985e-01
2.021022400000000000e+07 3.638935899999999947e+03 3.564079900000000180e+03 3.531593600000000151e+03 3.645647399999999834e+03 3.621589520000000000e+08 4.844304146000000238e+08 -1.987600000000000033e+00
2.021022500000000000e+07 3.595542399999999816e+03 3.585045799999999872e+03 3.568473500000000058e+03 3.608556799999999839e+03 3.662322990000000000e+08 4.447350171000000238e+08 5.883000000000000451e-01
2.021022600000000000e+07 3.514564800000000105e+03 3.509080399999999827e+03 3.500703599999999824e+03 3.550405499999999847e+03 3.332800670000000000e+08 4.244859138999999762e+08 -2.119000000000000217e+00
2.021030100000000000e+07 3.531480199999999968e+03 3.551399800000000141e+03 3.511988800000000083e+03 3.552566499999999905e+03 3.154875260000000000e+08 4.024770441999999881e+08 1.205999999999999961e+00
2.021030200000000000e+07 3.566851999999999862e+03 3.508591199999999844e+03 3.485363499999999931e+03 3.566851999999999862e+03 3.398304860000000000e+08 4.276804531000000238e+08 -1.205400000000000027e+00
2.021030300000000000e+07 3.500157600000000002e+03 3.576904500000000098e+03 3.498719200000000001e+03 3.577621799999999894e+03 3.476568460000000000e+08 4.154903456999999881e+08 1.947000000000000064e+00
2.021030400000000000e+07 3.546640600000000177e+03 3.503491599999999835e+03 3.487375700000000052e+03 3.552202400000000125e+03 3.936161200000000000e+08 4.622337341999999881e+08 -2.052400000000000002e+00
2.021030500000000000e+07 3.463308599999999842e+03 3.501986699999999928e+03 3.456666799999999967e+03 3.523568200000000161e+03 3.564092230000000000e+08 4.088499018999999762e+08 -4.299999999999999656e-02
2.021030800000000000e+07 3.524983000000000175e+03 3.421414099999999962e+03 3.421215299999999843e+03 3.542303899999999885e+03 3.870479540000000000e+08 4.538592033000000119e+08 -2.300800000000000178e+00
