3.307877441406250000e+03
3.291960937500000000e+03
3.262564208984375000e+03
3.264698486328125000e+03
3.264188720703125000e+03
3.262284667968750000e+03
3.220873535156250000e+03
3.240666503906250000e+03
3.290149414062500000e+03
3.296965332031250000e+03
3.333806640625000000e+03
3.326539062500000000e+03
3.369904785156250000e+03
3.356102050781250000e+03
3.343113037109375000e+03
3.343133056640625000e+03
3.324750488281250000e+03
3.353899414062500000e+03
3.345007568359375000e+03
3.353226318359375000e+03
3.357361328125000000e+03
3.363407714843750000e+03
3.396227783203125000e+03
3.384964599609375000e+03
3.363833740234375000e+03
3.366216552734375000e+03
3.385105468750000000e+03
3.378727539062500000e+03
3.412281005859375000e+03
3.405602050781250000e+03
3.397277587890625000e+03
3.393292480468750000e+03
3.376173828125000000e+03
3.375738525390625000e+03
3.358280517578125000e+03
3.358914306640625000e+03
3.342939208984375000e+03
3.359122314453125000e+03
3.356312500000000000e+03
3.364067626953125000e+03
3.390504882812500000e+03
3.382107666015625000e+03
3.388649658203125000e+03
3.349722656250000000e+03
3.366929687500000000e+03
3.357672851562500000e+03
3.381525878906250000e+03
3.376820556640625000e+03
3.367749755859375000e+03
3.392227783203125000e+03
3.421307617187500000e+03
3.437908203125000000e+03
3.444834716796875000e+03
3.451818603515625000e+03
3.461486328125000000e+03
3.448666992187500000e+03
3.422359619140625000e+03
3.464757324218750000e+03
3.457086914062500000e+03
3.437753173828125000e+03
3.431006347656250000e+03
3.451387451171875000e+03
3.436527587890625000e+03
3.446235351562500000e+03
3.469182373046875000e+03
3.448135498046875000e+03
3.459089355468750000e+03
3.424462646484375000e+03
3.422666992187500000e+03
3.378914306640625000e+03
3.372669189453125000e+03
3.398182861328125000e+03
3.420089843750000000e+03
3.411230224609375000e+03
3.399817138671875000e+03
3.405513916015625000e+03
3.429585693359375000e+03
3.467500732421875000e+03
3.490066894531250000e+03
3.489516601562500000e+03
3.489878417968750000e+03
3.458120849609375000e+03
3.452182617187500000e+03
3.410669921875000000e+03
3.433762695312500000e+03
3.381789062500000000e+03
3.419560302734375000e+03
3.394717285156250000e+03
3.441646240234375000e+03
3.391442138671875000e+03
3.390452148437500000e+03
