3.277997200000000248e+03
3.251118800000000647e+03
3.254315700000000561e+03
3.269238000000000284e+03
3.272727400000000671e+03
3.224532500000000255e+03
3.225119600000000446e+03
3.271074400000000423e+03
3.277440200000000459e+03
3.320133300000000418e+03
3.312159000000000560e+03
3.373733700000000681e+03
3.360148500000000240e+03
3.342202500000000327e+03
3.338678800000000592e+03
3.310104600000000573e+03
3.346969200000000455e+03
3.339895000000000437e+03
3.347303400000000238e+03
3.363087600000000293e+03
3.377726700000000619e+03
3.414489900000000489e+03
3.402822500000000673e+03
3.362327400000000580e+03
3.369733400000000529e+03
3.408307100000000446e+03
3.391755100000000311e+03
3.451938400000000456e+03
3.449380500000000666e+03
3.442135900000000674e+03
3.444581400000000485e+03
3.416603700000000572e+03
3.410177100000000337e+03
3.371964000000000397e+03
3.373275800000000345e+03
3.347191000000000258e+03
3.369120100000000548e+03
3.367232600000000275e+03
3.366983200000000579e+03
3.404873200000000452e+03
3.394896000000000640e+03
3.420569300000000567e+03
3.356782200000000557e+03
3.382319500000000517e+03
3.363113300000000436e+03
3.396562600000000657e+03
3.397285400000000664e+03
3.379036200000000463e+03
3.414452700000000277e+03
3.473069300000000567e+03
3.502958400000000438e+03
3.528676700000000437e+03
3.550876700000000255e+03
3.576204600000000482e+03
3.570108200000000579e+03
3.531497800000000552e+03
3.608338900000000649e+03
3.598651800000000549e+03
3.565904600000000300e+03
3.566377800000000661e+03
3.596223700000000463e+03
3.566381400000000667e+03
3.583092000000000553e+03
3.621264100000000326e+03
3.606749600000000555e+03
3.624238100000000486e+03
3.569429000000000542e+03
3.573341200000000299e+03
3.505175900000000638e+03
3.483069200000000365e+03
3.505283600000000661e+03
3.533684900000000653e+03
3.517308000000000447e+03
3.501859200000000328e+03
3.496332900000000336e+03
3.532446700000000419e+03
3.603489000000000487e+03
3.655088000000000648e+03
3.675357100000000628e+03
3.696168000000000575e+03
3.642444900000000416e+03
3.636357300000000578e+03
3.564079900000000634e+03
3.585045800000000327e+03
3.509080400000000282e+03
3.551399800000000596e+03
3.508591200000000299e+03
3.576904500000000553e+03
3.503491600000000290e+03
3.501986700000000383e+03
3.421414100000000417e+03
