2.969080078125000000e+03 3.026992431640625000e+03 2.963583496093750000e+03 3.028254394531250000e+03 4.262130240000000000e+08 4.043684160000000000e+08 1.923699975013732910e+00
3.049084472656250000e+03 3.060307373046875000e+03 3.029899902343750000e+03 3.093391357421875000e+03 5.111731520000000000e+08 4.870666240000000000e+08 1.100600004196166992e+00
3.062326660156250000e+03 3.026951416015625000e+03 3.013931884765625000e+03 3.065288330078125000e+03 4.532146240000000000e+08 4.512472960000000000e+08 -1.090000033378601074e+00
3.013596923828125000e+03 2.990685058593750000e+03 2.968823730468750000e+03 3.041155761718750000e+03 3.731417920000000000e+08 3.562403520000000000e+08 -1.198099970817565918e+00
3.000878906250000000e+03 3.021751220703125000e+03 2.999431640625000000e+03 3.048121093750000000e+03 3.412061440000000000e+08 3.447215040000000000e+08 1.038800001144409180e+00
3.027801269531250000e+03 3.096417480468750000e+03 3.009507080078125000e+03 3.096417480468750000e+03 3.977971840000000000e+08 3.984696000000000000e+08 2.470999956130981445e+00
3.099897216796875000e+03 3.090975097656250000e+03 3.076362792968750000e+03 3.113432617187500000e+03 3.509088640000000000e+08 3.532168000000000000e+08 -1.757999956607818604e-01
3.084170410156250000e+03 3.090640380859375000e+03 3.053451904296875000e+03 3.102520263671875000e+03 3.585575040000000000e+08 3.492953920000000000e+08 -1.080000028014183044e-02
3.094124755859375000e+03 3.101455078125000000e+03 3.086850097656250000e+03 3.125019287109375000e+03 4.142511680000000000e+08 4.039398400000000000e+08 3.499000072479248047e-01
3.100726318359375000e+03 3.104148681640625000e+03 3.064884033203125000e+03 3.107275390625000000e+03 3.648483520000000000e+08 3.566783360000000000e+08 8.690000325441360474e-02
3.058801513671875000e+03 3.043031250000000000e+03 3.041950439453125000e+03 3.086996093750000000e+03 3.802787520000000000e+08 3.753756480000000000e+08 -1.968899965286254883e+00
3.057559082031250000e+03 2.997095458984375000e+03 2.988490478515625000e+03 3.062689697265625000e+03 3.534980160000000000e+08 3.414448320000000000e+08 -1.509500026702880859e+00
3.012257324218750000e+03 3.022719482421875000e+03 2.987771728515625000e+03 3.022762207031250000e+03 2.913903680000000000e+08 2.950759680000000000e+08 8.550000190734863281e-01
3.009798828125000000e+03 2.994943359375000000e+03 2.991778808593750000e+03 3.025778808593750000e+03 2.881064320000000000e+08 2.895545600000000000e+08 -9.189000129699707031e-01
3.000678222656250000e+03 3.090758056640625000e+03 2.999986572265625000e+03 3.093032958984375000e+03 3.750829760000000000e+08 3.866996160000000000e+08 3.199199914932250977e+00
3.111661865234375000e+03 3.170361083984375000e+03 3.111661865234375000e+03 3.176622070312500000e+03 4.661247040000000000e+08 4.800859520000000000e+08 2.575500011444091797e+00
3.183273681640625000e+03 3.176822753906250000e+03 3.164906494140625000e+03 3.193271728515625000e+03 4.470689920000000000e+08 4.626620800000000000e+08 2.037999927997589111e-01
3.159146728515625000e+03 3.216295166015625000e+03 3.152331787109375000e+03 3.219256347656250000e+03 4.305486400000000000e+08 4.426220480000000000e+08 1.242499947547912598e+00
3.233688720703125000e+03 3.246571289062500000e+03 3.216854492187500000e+03 3.254140136718750000e+03 4.691176640000000000e+08 4.751563840000000000e+08 9.412999749183654785e-01
3.271272216796875000e+03 3.244810302734375000e+03 3.210515136718750000e+03 3.288453125000000000e+03 5.045184000000000000e+08 5.064312320000000000e+08 -5.420000106096267700e-02
3.240393798828125000e+03 3.239663818359375000e+03 3.215704833984375000e+03 3.251645751953125000e+03 3.641699840000000000e+08 3.802729600000000000e+08 -1.586000025272369385e-01
3.224645507812500000e+03 3.241929931640625000e+03 3.204878417968750000e+03 3.264777832031250000e+03 3.801344000000000000e+08 3.956699840000000000e+08 6.989999860525131226e-02
3.241547363281250000e+03 3.189961914062500000e+03 3.185545898437500000e+03 3.254125976562500000e+03 3.530318720000000000e+08 3.606845440000000000e+08 -1.603000044822692871e+00
3.184859619140625000e+03 3.188625488281250000e+03 3.168041992187500000e+03 3.199278076171875000e+03 2.897889920000000000e+08 2.889089600000000000e+08 -4.190000146627426147e-02
3.233458251953125000e+03 3.177786621093750000e+03 3.177269775390625000e+03 3.253976318359375000e+03 3.488097920000000000e+08 3.556661120000000000e+08 -3.398999869823455811e-01
3.164396972656250000e+03 3.253597900390625000e+03 3.153206298828125000e+03 3.253597900390625000e+03 3.579187520000000000e+08 3.601666240000000000e+08 2.385699987411499023e+00
3.250151855468750000e+03 3.263117919921875000e+03 3.239804687500000000e+03 3.275333496093750000e+03 3.575417920000000000e+08 3.545098880000000000e+08 2.926000058650970459e-01
3.261074218750000000e+03 3.250201171875000000e+03 3.241825683593750000e+03 3.271387695312500000e+03 3.255399360000000000e+08 3.235081920000000000e+08 -3.957999944686889648e-01
3.250145263671875000e+03 3.270797363281250000e+03 3.226812500000000000e+03 3.274334716796875000e+03 3.151980160000000000e+08 3.151319360000000000e+08 6.337000131607055664e-01
3.278490478515625000e+03 3.215042480468750000e+03 3.206877929687500000e+03 3.279489501953125000e+03 3.532173760000000000e+08 3.591543040000000000e+08 -1.704599976539611816e+00
3.211871826171875000e+03 3.198593750000000000e+03 3.186756835937500000e+03 3.231581542968750000e+03 3.283612160000000000e+08 3.248701760000000000e+08 -5.116000175476074219e-01
3.203558837890625000e+03 3.201613769531250000e+03 3.156606933593750000e+03 3.210650878906250000e+03 2.748721600000000000e+08 2.784108480000000000e+08 9.440000355243682861e-02
3.190585205078125000e+03 3.123826171875000000e+03 3.123025878906250000e+03 3.193749511718750000e+03 3.258791360000000000e+08 3.090760960000000000e+08 -2.429600000381469727e+00
3.108163574218750000e+03 3.086398925781250000e+03 3.085804931640625000e+03 3.129213378906250000e+03 2.808738560000000000e+08 2.747764160000000000e+08 -1.198099970817565918e+00
3.090633056640625000e+03 3.062498535156250000e+03 3.050026123046875000e+03 3.107760498046875000e+03 2.921148800000000000e+08 2.890632640000000000e+08 -7.743999958038330078e-01
3.052622314453125000e+03 3.078338867187500000e+03 3.052622314453125000e+03 3.088407470703125000e+03 2.223025120000000000e+08 2.254981280000000000e+08 5.171999931335449219e-01
2.984727294921875000e+03 2.906464111328125000e+03 2.876468750000000000e+03 2.986539794921875000e+03 3.269722560000000000e+08 3.143365120000000000e+08 -5.583399772644042969e+00
2.914291503906250000e+03 2.926390869140625000e+03 2.889073242187500000e+03 2.937283203125000000e+03 2.532817760000000000e+08 2.454442080000000000e+08 6.855999827384948730e-01
2.873143310546875000e+03 2.893756591796875000e+03 2.866704101562500000e+03 2.929430664062500000e+03 2.315305120000000000e+08 2.188926240000000000e+08 -1.115200042724609375e+00
2.871196777343750000e+03 2.850953613281250000e+03 2.845037353515625000e+03 2.888859619140625000e+03 2.000411360000000000e+08 1.974468800000000000e+08 -1.479099988937377930e+00
2.878234375000000000e+03 2.939210693359375000e+03 2.838384765625000000e+03 2.941453857421875000e+03 2.823068160000000000e+08 2.741762560000000000e+08 3.095700025558471680e+00
2.905066894531250000e+03 2.903713134765625000e+03 2.892174560546875000e+03 2.921410400390625000e+03 2.120298880000000000e+08 2.026241280000000000e+08 -1.207700014114379883e+00
2.872833496093750000e+03 2.883610595703125000e+03 2.872833496093750000e+03 2.909204101562500000e+03 2.083453600000000000e+08 2.012233120000000000e+08 -6.923000216484069824e-01
2.902642333984375000e+03 2.938677978515625000e+03 2.902642333984375000e+03 2.945394531250000000e+03 2.305196960000000000e+08 2.262627840000000000e+08 1.909700036048889160e+00
2.933495361328125000e+03 2.955710937500000000e+03 2.929064453125000000e+03 2.956170898437500000e+03 2.483856960000000000e+08 2.262030720000000000e+08 5.795999765396118164e-01
2.955766845703125000e+03 2.882296142578125000e+03 2.873799804687500000e+03 2.956783203125000000e+03 2.663016480000000000e+08 2.478751840000000000e+08 -2.483799934387207031e+00
2.874801025390625000e+03 2.870604492187500000e+03 2.838452880859375000e+03 2.882629394531250000e+03 2.094724480000000000e+08 1.992107840000000000e+08 -4.056000113487243652e-01
2.867706542968750000e+03 2.905968750000000000e+03 2.862495117187500000e+03 2.919237304687500000e+03 2.113870240000000000e+08 2.027777760000000000e+08 1.231899976730346680e+00
2.905524169921875000e+03 2.891704589843750000e+03 2.879643798828125000e+03 2.912395263671875000e+03 2.000269120000000000e+08 1.936293600000000000e+08 -4.909000098705291748e-01
2.880842529296875000e+03 2.852515380859375000e+03 2.846956054687500000e+03 2.885138916015625000e+03 1.973403040000000000e+08 1.928694880000000000e+08 -1.355200052261352539e+00
2.847835693359375000e+03 2.852994873046875000e+03 2.846021484375000000e+03 2.871855468750000000e+03 1.672054880000000000e+08 1.626893120000000000e+08 1.679999940097332001e-02
2.851281005859375000e+03 2.892378173828125000e+03 2.833036376953125000e+03 2.898128906250000000e+03 1.967208960000000000e+08 1.937687200000000000e+08 1.380399942398071289e+00
2.890265869140625000e+03 2.909910644531250000e+03 2.887083496093750000e+03 2.924039550781250000e+03 2.233105600000000000e+08 2.272538080000000000e+08 6.061999797821044922e-01
2.894829589843750000e+03 2.914696289062500000e+03 2.890664550781250000e+03 2.934976806640625000e+03 1.989588160000000000e+08 2.028550400000000000e+08 1.644999980926513672e-01
2.903424560546875000e+03 2.905805419921875000e+03 2.881380126953125000e+03 2.907846191406250000e+03 2.057587840000000000e+08 1.971055520000000000e+08 -3.050000071525573730e-01
2.904497558593750000e+03 2.898696044921875000e+03 2.895577880859375000e+03 2.922907470703125000e+03 1.952305760000000000e+08 1.912804000000000000e+08 -2.446999996900558472e-01
2.901742431640625000e+03 2.890080810546875000e+03 2.875901855468750000e+03 2.920829101562500000e+03 2.159435520000000000e+08 2.080733280000000000e+08 -2.971999943256378174e-01
2.887640380859375000e+03 2.862280273437500000e+03 2.851972900390625000e+03 2.888385986328125000e+03 1.884635360000000000e+08 1.811189120000000000e+08 -9.618999958038330078e-01
2.882937011718750000e+03 2.861418212890625000e+03 2.858572021484375000e+03 2.888767578125000000e+03 1.815610400000000000e+08 1.752008480000000000e+08 -3.009999915957450867e-02
2.862332763671875000e+03 2.827797851562500000e+03 2.822185302734375000e+03 2.862332763671875000e+03 1.770644160000000000e+08 1.648505440000000000e+08 -1.174999952316284180e+00
2.833014404296875000e+03 2.852130126953125000e+03 2.824355468750000000e+03 2.861131103515625000e+03 1.665859200000000000e+08 1.624898240000000000e+08 8.604999780654907227e-01
2.854070312500000000e+03 2.925716308593750000e+03 2.854070312500000000e+03 2.927430419921875000e+03 2.605257920000000000e+08 2.544799840000000000e+08 2.579999923706054688e+00
2.917223876953125000e+03 2.909379638671875000e+03 2.903883300781250000e+03 2.924701904296875000e+03 2.402557760000000000e+08 2.230639520000000000e+08 -5.583999752998352051e-01
2.905287597656250000e+03 2.910740478515625000e+03 2.885923095703125000e+03 2.918422607421875000e+03 2.129577920000000000e+08 1.917482080000000000e+08 4.679999873042106628e-02
2.912998779296875000e+03 2.881974365234375000e+03 2.879657226562500000e+03 2.924319580078125000e+03 2.154357920000000000e+08 1.943031040000000000e+08 -9.883000254631042480e-01
2.880422607421875000e+03 2.887611328125000000e+03 2.877394042968750000e+03 2.902480712890625000e+03 1.539649600000000000e+08 1.431416320000000000e+08 1.956000030040740967e-01
2.891091796875000000e+03 2.890157958984375000e+03 2.874312988281250000e+03 2.898330322265625000e+03 1.477053120000000000e+08 1.369352320000000000e+08 8.780000358819961548e-02
2.944115478515625000e+03 2.917802978515625000e+03 2.916214843750000000e+03 2.953335449218750000e+03 2.307569760000000000e+08 2.255672640000000000e+08 9.564999938011169434e-01
2.917331054687500000e+03 2.987118652343750000e+03 2.915089599609375000e+03 2.997388916015625000e+03 2.910115520000000000e+08 2.882965440000000000e+08 2.375600099563598633e+00
2.990368652343750000e+03 3.001980224609375000e+03 2.989245361328125000e+03 3.010349121093750000e+03 2.869738240000000000e+08 2.766624640000000000e+08 4.975000023841857910e-01
3.004289062500000000e+03 3.008147949218750000e+03 2.994421875000000000e+03 3.012825927734375000e+03 2.104938880000000000e+08 2.112371840000000000e+08 2.055000066757202148e-01
3.004909423828125000e+03 2.982073730468750000e+03 2.948990722656250000e+03 3.004909423828125000e+03 2.436992480000000000e+08 2.443150720000000000e+08 -8.668000102043151855e-01
2.964615234375000000e+03 2.976283691406250000e+03 2.958463134765625000e+03 2.986913818359375000e+03 1.744495360000000000e+08 1.725160480000000000e+08 -1.941999942064285278e-01
2.982612548828125000e+03 2.996792480468750000e+03 2.981044921875000000e+03 3.011538085937500000e+03 1.953970560000000000e+08 2.086186560000000000e+08 6.891000270843505859e-01
2.992242675781250000e+03 2.978878417968750000e+03 2.961222412109375000e+03 2.992242675781250000e+03 1.814315200000000000e+08 1.836417600000000000e+08 -5.978000164031982422e-01
3.024623779296875000e+03 3.044902832031250000e+03 3.014687011718750000e+03 3.045366943359375000e+03 2.508404320000000000e+08 2.665410560000000000e+08 2.216399908065795898e+00
3.042580078125000000e+03 3.043942871093750000e+03 3.033781005859375000e+03 3.048483886718750000e+03 2.145206240000000000e+08 2.295666240000000000e+08 -3.150000050663948059e-02
3.031832031250000000e+03 3.015263183593750000e+03 3.006324707031250000e+03 3.031832031250000000e+03 2.122961760000000000e+08 2.186580000000000000e+08 -9.422000050544738770e-01
3.015678466796875000e+03 3.005248779296875000e+03 2.991907958984375000e+03 3.024502197265625000e+03 1.944151360000000000e+08 2.022663840000000000e+08 -3.321000039577484131e-01
3.004738281250000000e+03 3.011058837890625000e+03 2.990924804687500000e+03 3.014847412109375000e+03 1.567554240000000000e+08 1.631808480000000000e+08 1.932999938726425171e-01
2.997806640625000000e+03 2.933363281250000000e+03 2.918715820312500000e+03 2.997806640625000000e+03 2.115412640000000000e+08 2.055688160000000000e+08 -2.580300092697143555e+00
2.928818847656250000e+03 2.928229492187500000e+03 2.912806396484375000e+03 2.937762207031250000e+03 1.451106080000000000e+08 1.542514240000000000e+08 -1.749999970197677612e-01
2.935185546875000000e+03 2.915302246093750000e+03 2.908162109375000000e+03 2.936751953125000000e+03 1.354835360000000000e+08 1.412362560000000000e+08 -4.415000081062316895e-01
2.928055419921875000e+03 2.917760986328125000e+03 2.907885253906250000e+03 2.945802246093750000e+03 1.436925280000000000e+08 1.521814080000000000e+08 8.429999649524688721e-02
2.915340087890625000e+03 2.930546142578125000e+03 2.905809082031250000e+03 2.938531005859375000e+03 1.377947520000000000e+08 1.429188640000000000e+08 4.381999969482421875e-01
2.921545898437500000e+03 2.942185302734375000e+03 2.886699218750000000e+03 2.955000244140625000e+03 1.676433920000000000e+08 1.765332000000000000e+08 3.971999883651733398e-01
2.938641113281250000e+03 2.937616699218750000e+03 2.931292480468750000e+03 2.944821044921875000e+03 1.318117520000000000e+08 1.407663840000000000e+08 -1.553000062704086304e-01
2.933022705078125000e+03 2.931692626953125000e+03 2.924459472656250000e+03 2.942066894531250000e+03 1.496316160000000000e+08 1.521629600000000000e+08 -2.017000019550323486e-01
2.921738769531250000e+03 2.901176513671875000e+03 2.901176513671875000e+03 2.921738769531250000e+03 1.498888320000000000e+08 1.490888480000000000e+08 -1.040899991989135742e+00
2.909679443359375000e+03 2.924200683593750000e+03 2.909679443359375000e+03 2.939597412109375000e+03 1.494695520000000000e+08 1.490712160000000000e+08 7.936000227928161621e-01
2.925788085937500000e+03 2.886974121093750000e+03 2.879689941406250000e+03 2.927160156250000000e+03 1.806749600000000000e+08 2.042894400000000000e+08 -1.273100018501281738e+00
2.886904296875000000e+03 2.899944580078125000e+03 2.883045654296875000e+03 2.901359130859375000e+03 1.293105120000000000e+08 1.480773440000000000e+08 4.492999911308288574e-01
2.907927490234375000e+03 2.923277587890625000e+03 2.907786621093750000e+03 2.936452148437500000e+03 1.552457600000000000e+08 1.788581120000000000e+08 8.046000003814697266e-01
2.923188720703125000e+03 2.937360107421875000e+03 2.916149902343750000e+03 2.937360107421875000e+03 1.456843840000000000e+08 1.753563840000000000e+08 4.817000031471252441e-01
2.928061279296875000e+03 2.944541015625000000e+03 2.924451416015625000e+03 2.948326171875000000e+03 1.393433920000000000e+08 1.587746720000000000e+08 2.444999963045120239e-01
2.943917968750000000e+03 2.941007080078125000e+03 2.932977294921875000e+03 2.948466552734375000e+03 1.279918480000000000e+08 1.474391360000000000e+08 -1.199999973177909851e-01
2.946256591796875000e+03 2.952338378906250000e+03 2.946256591796875000e+03 2.965632080078125000e+03 1.483164640000000000e+08 1.708663520000000000e+08 3.853000104427337646e-01
2.944397705078125000e+03 2.932505859375000000e+03 2.926485351562500000e+03 2.944397705078125000e+03 1.410523520000000000e+08 1.646078720000000000e+08 -6.718000173568725586e-01
2.920850585937500000e+03 2.908766113281250000e+03 2.901750244140625000e+03 2.927342041015625000e+03 1.423898080000000000e+08 1.711156320000000000e+08 -8.094999790191650391e-01
2.861332275390625000e+03 2.867837646484375000e+03 2.851440185546875000e+03 2.872472900390625000e+03 1.848884480000000000e+08 2.163274080000000000e+08 -1.407099962234497070e+00
2.854577880859375000e+03 2.821495605468750000e+03 2.821495605468750000e+03 2.863689208984375000e+03 1.674194240000000000e+08 1.968914880000000000e+08 -1.615900039672851562e+00
2.776989013671875000e+03 2.777555908203125000e+03 2.733924316406250000e+03 2.787418457031250000e+03 2.311237280000000000e+08 2.552092320000000000e+08 -1.557299971580505371e+00
2.789018798828125000e+03 2.768679443359375000e+03 2.768679443359375000e+03 2.792693359375000000e+03 1.577167520000000000e+08 1.764757280000000000e+08 -3.195999860763549805e-01
2.784183593750000000e+03 2.794552246093750000e+03 2.782244628906250000e+03 2.799685791015625000e+03 1.495395680000000000e+08 1.781561440000000000e+08 9.344999790191650391e-01
2.805585693359375000e+03 2.774753173828125000e+03 2.770477783203125000e+03 2.808328857421875000e+03 1.482402880000000000e+08 1.711403360000000000e+08 -7.085000276565551758e-01
2.781981689453125000e+03 2.814994384765625000e+03 2.776619628906250000e+03 2.814994384765625000e+03 1.315634320000000000e+08 1.625232640000000000e+08 1.450299978256225586e+00
2.798051269531250000e+03 2.797259521484375000e+03 2.790607910156250000e+03 2.802041503906250000e+03 1.309165040000000000e+08 1.539575040000000000e+08 -6.299999952316284180e-01
2.824486328125000000e+03 2.808914550781250000e+03 2.807718994140625000e+03 2.829890625000000000e+03 1.440146400000000000e+08 1.739448800000000000e+08 4.167000055313110352e-01
2.762339111328125000e+03 2.815797607421875000e+03 2.756833984375000000e+03 2.815896484375000000e+03 1.527721600000000000e+08 1.736705440000000000e+08 2.450000047683715820e-01
2.817570800781250000e+03 2.823823730468750000e+03 2.811801513671875000e+03 2.840316406250000000e+03 1.485823360000000000e+08 1.861393760000000000e+08 2.849999964237213135e-01
2.835518066406250000e+03 2.883095947265625000e+03 2.829854248046875000e+03 2.883095947265625000e+03 2.145466720000000000e+08 2.470922240000000000e+08 2.098999977111816406e+00
2.879081542968750000e+03 2.880001220703125000e+03 2.874998779296875000e+03 2.892079589843750000e+03 1.896772000000000000e+08 2.097743520000000000e+08 -1.072999984025955200e-01
2.875470703125000000e+03 2.880330810546875000e+03 2.872557373046875000e+03 2.885586181640625000e+03 1.590196640000000000e+08 1.831872800000000000e+08 1.140000019222497940e-02
2.887664794921875000e+03 2.883435791015625000e+03 2.867552246093750000e+03 2.888496826171875000e+03 1.492062080000000000e+08 1.696621600000000000e+08 1.077999994158744812e-01
2.885150878906250000e+03 2.897425292968750000e+03 2.878744384765625000e+03 2.902456298828125000e+03 1.591568320000000000e+08 1.925671360000000000e+08 4.851999878883361816e-01
2.851015869140625000e+03 2.863567382812500000e+03 2.849238037109375000e+03 2.870493896484375000e+03 1.698953600000000000e+08 1.910366720000000000e+08 -1.168599963188171387e+00
2.879515380859375000e+03 2.902193115234375000e+03 2.879406005859375000e+03 2.919644287109375000e+03 2.081417920000000000e+08 2.309996960000000000e+08 1.348899960517883301e+00
2.901626708984375000e+03 2.893756347656250000e+03 2.887011474609375000e+03 2.905435302734375000e+03 1.830979040000000000e+08 2.018050560000000000e+08 -2.906999886035919189e-01
2.895999023437500000e+03 2.890919189453125000e+03 2.878587890625000000e+03 2.898604492187500000e+03 1.786130880000000000e+08 1.963327680000000000e+08 -9.799999743700027466e-02
2.907382568359375000e+03 2.886236572265625000e+03 2.874102783203125000e+03 2.914576660156250000e+03 1.939599520000000000e+08 2.247511680000000000e+08 -1.620000004768371582e-01
2.886941894531250000e+03 2.924106201171875000e+03 2.883682373046875000e+03 2.928479248046875000e+03 2.027868000000000000e+08 2.260436960000000000e+08 1.312100052833557129e+00
2.925942138671875000e+03 2.930153808593750000e+03 2.915197509765625000e+03 2.930153808593750000e+03 1.890012160000000000e+08 2.250701600000000000e+08 2.067999988794326782e-01
2.927747070312500000e+03 2.957411621093750000e+03 2.925882568359375000e+03 2.957411621093750000e+03 2.254959040000000000e+08 2.512126880000000000e+08 9.302999973297119141e-01
2.972661865234375000e+03 2.985864746093750000e+03 2.972661865234375000e+03 3.015844238281250000e+03 3.054387200000000000e+08 3.402006720000000000e+08 9.621000289916992188e-01
2.996621582031250000e+03 2.999601318359375000e+03 2.981598388671875000e+03 2.999943359375000000e+03 2.168260320000000000e+08 2.583187520000000000e+08 4.600999951362609863e-01
3.023778076171875000e+03 3.024738769531250000e+03 3.005694824218750000e+03 3.026239746093750000e+03 2.433777600000000000e+08 2.862365440000000000e+08 8.379999995231628418e-01
3.027410400390625000e+03 3.021202392578125000e+03 3.005382568359375000e+03 3.027410400390625000e+03 2.400129440000000000e+08 2.753217600000000000e+08 -1.168999969959259033e-01
3.029933349609375000e+03 3.008811767578125000e+03 3.004215087890625000e+03 3.030556884765625000e+03 2.298373600000000000e+08 2.633895520000000000e+08 -4.101000130176544189e-01
3.016626708984375000e+03 3.031235107421875000e+03 3.005194824218750000e+03 3.033472900390625000e+03 1.969687040000000000e+08 2.245760320000000000e+08 7.452999949455261230e-01
3.041922119140625000e+03 3.030754394531250000e+03 3.020049560546875000e+03 3.042928466796875000e+03 2.218789600000000000e+08 2.374422720000000000e+08 -1.590000092983245850e-02
3.023710937500000000e+03 2.978117919921875000e+03 2.970570312500000000e+03 3.023710937500000000e+03 2.233380640000000000e+08 2.377389280000000000e+08 -1.736700057983398438e+00
2.984083740234375000e+03 2.985658691406250000e+03 2.982400390625000000e+03 2.996402099609375000e+03 1.680467040000000000e+08 1.999536320000000000e+08 2.531999945640563965e-01
2.992922119140625000e+03 2.999278808593750000e+03 2.975397705078125000e+03 2.999278808593750000e+03 1.626906080000000000e+08 1.932065440000000000e+08 4.562000036239624023e-01
3.004814208984375000e+03 3.006446777343750000e+03 2.996192871093750000e+03 3.011340087890625000e+03 1.821452960000000000e+08 2.183905920000000000e+08 2.389999926090240479e-01
2.998399414062500000e+03 2.977076660156250000e+03 2.960826904296875000e+03 2.998399414062500000e+03 1.681394560000000000e+08 1.991305440000000000e+08 -9.768999814987182617e-01
2.979475097656250000e+03 2.985340576171875000e+03 2.973760009765625000e+03 3.002896728515625000e+03 1.639027680000000000e+08 2.062458080000000000e+08 2.775999903678894043e-01
2.977667480468750000e+03 2.955432617187500000e+03 2.955432617187500000e+03 2.977667480468750000e+03 1.685431360000000000e+08 2.037827520000000000e+08 -1.001799941062927246e+00
2.964477539062500000e+03 2.929087402343750000e+03 2.928258789062500000e+03 2.970035400390625000e+03 1.889325440000000000e+08 2.162775680000000000e+08 -8.913999795913696289e-01
2.929486083984375000e+03 2.932166992187500000e+03 2.920929931640625000e+03 2.939078857421875000e+03 1.329057760000000000e+08 1.533110080000000000e+08 1.181999966502189636e-01
2.927916503906250000e+03 2.905189208984375000e+03 2.905189208984375000e+03 2.936481933593750000e+03 1.166468080000000000e+08 1.425916960000000000e+08 -9.200999736785888672e-01
2.905755859375000000e+03 2.913570312500000000e+03 2.905755859375000000e+03 2.933016357421875000e+03 1.255358080000000000e+08 1.519808000000000000e+08 2.885000109672546387e-01
2.902075195312500000e+03 2.924856689453125000e+03 2.891539306640625000e+03 2.924856689453125000e+03 1.304241440000000000e+08 1.509402240000000000e+08 3.874000012874603271e-01
2.923706787109375000e+03 2.947710693359375000e+03 2.918228515625000000e+03 2.949240478515625000e+03 1.342397440000000000e+08 1.571599840000000000e+08 7.814000248908996582e-01
2.954818847656250000e+03 2.973655761718750000e+03 2.943013671875000000e+03 2.980787597656250000e+03 1.612037440000000000e+08 1.827473920000000000e+08 8.802000284194946289e-01
2.993961669921875000e+03 3.007883300781250000e+03 2.989812500000000000e+03 3.026383300781250000e+03 2.086148000000000000e+08 2.212017600000000000e+08 1.151000022888183594e+00
3.005664550781250000e+03 2.991045898437500000e+03 2.986303222656250000e+03 3.005664550781250000e+03 1.553768960000000000e+08 1.695319360000000000e+08 -5.598000288009643555e-01
2.992610351562500000e+03 2.978712402343750000e+03 2.975923339843750000e+03 3.010424072265625000e+03 1.498855040000000000e+08 1.667915520000000000e+08 -4.122999906539916992e-01
2.979992919921875000e+03 2.977334228515625000e+03 2.969568115234375000e+03 2.986718994140625000e+03 1.225276160000000000e+08 1.360512480000000000e+08 -4.630000144243240356e-02
2.982341796875000000e+03 2.938141357421875000e+03 2.933242431640625000e+03 2.987203613281250000e+03 1.499906720000000000e+08 1.620182720000000000e+08 -1.316400051116943359e+00
2.933896972656250000e+03 2.939617919921875000e+03 2.917688476562500000e+03 2.940324707031250000e+03 1.324751040000000000e+08 1.456858880000000000e+08 5.029999837279319763e-02
2.945600097656250000e+03 2.954379882812500000e+03 2.934387207031250000e+03 2.954641601562500000e+03 1.174820480000000000e+08 1.303817440000000000e+08 5.022000074386596680e-01
2.952969238281250000e+03 2.941618896484375000e+03 2.934627441406250000e+03 2.957299560546875000e+03 1.238128800000000000e+08 1.396536480000000000e+08 -4.318999946117401123e-01
2.944006591796875000e+03 2.940921386718750000e+03 2.927061279296875000e+03 2.953044189453125000e+03 1.265402880000000000e+08 1.416672320000000000e+08 -2.370000071823596954e-02
2.940474121093750000e+03 2.954932617187500000e+03 2.920519531250000000e+03 2.958240966796875000e+03 1.368607040000000000e+08 1.602240960000000000e+08 4.763999879360198975e-01
2.958686035156250000e+03 2.980049804687500000e+03 2.956960693359375000e+03 2.980127929687500000e+03 1.737314880000000000e+08 1.988170080000000000e+08 8.500000238418579102e-01
2.979036621093750000e+03 2.954176025390625000e+03 2.954176025390625000e+03 2.979036621093750000e+03 1.661100640000000000e+08 1.952880800000000000e+08 -8.682000041007995605e-01
2.949463134765625000e+03 2.939320800781250000e+03 2.934827880859375000e+03 2.953298583984375000e+03 1.587981120000000000e+08 1.815295040000000000e+08 -5.029000043869018555e-01
2.944842773437500000e+03 2.929056152343750000e+03 2.923516601562500000e+03 2.946752197265625000e+03 1.615714880000000000e+08 1.818019360000000000e+08 -3.492000102996826172e-01
2.924340087890625000e+03 2.958199218750000000e+03 2.917145507812500000e+03 2.959833007812500000e+03 1.599073760000000000e+08 1.756308320000000000e+08 9.950000047683715820e-01
2.964575927734375000e+03 2.975491943359375000e+03 2.964575927734375000e+03 2.983058105468750000e+03 1.672483680000000000e+08 1.887100960000000000e+08 5.845999717712402344e-01
2.977704833984375000e+03 2.991562255859375000e+03 2.968032470703125000e+03 3.008314453125000000e+03 1.798916000000000000e+08 2.036916320000000000e+08 5.400999784469604492e-01
2.992039794921875000e+03 2.978595458984375000e+03 2.969724121093750000e+03 2.995562988281250000e+03 1.652635520000000000e+08 1.839852320000000000e+08 -4.334000051021575928e-01
2.978153076171875000e+03 2.978714355468750000e+03 2.969120117187500000e+03 2.988955078125000000e+03 1.369526720000000000e+08 1.558348800000000000e+08 4.000000189989805222e-03
2.993977294921875000e+03 2.964184814453125000e+03 2.962844726562500000e+03 2.998759521484375000e+03 1.497421120000000000e+08 1.738672320000000000e+08 -4.878000020980834961e-01
2.949961914062500000e+03 2.909974609375000000e+03 2.906769042968750000e+03 2.949961914062500000e+03 1.579161120000000000e+08 1.662851360000000000e+08 -1.828799962997436523e+00
2.912995605468750000e+03 2.914823242187500000e+03 2.891510498046875000e+03 2.918302978515625000e+03 1.297291520000000000e+08 1.390607200000000000e+08 1.666000038385391235e-01
2.913019775390625000e+03 2.905240966796875000e+03 2.893971191406250000e+03 2.913861083984375000e+03 1.297658400000000000e+08 1.469436320000000000e+08 -3.287000060081481934e-01
2.907735839843750000e+03 2.909869628906250000e+03 2.899618652343750000e+03 2.917374023437500000e+03 1.291454480000000000e+08 1.515761760000000000e+08 1.592999994754791260e-01
2.911350097656250000e+03 2.891343017578125000e+03 2.891204345703125000e+03 2.917829345703125000e+03 1.355194560000000000e+08 1.525764000000000000e+08 -6.366999745368957520e-01
2.889549560546875000e+03 2.909200195312500000e+03 2.884088378906250000e+03 2.911378417968750000e+03 1.244331760000000000e+08 1.446774080000000000e+08 6.176000237464904785e-01
2.904278320312500000e+03 2.933990722656250000e+03 2.902854980468750000e+03 2.933990722656250000e+03 1.354176000000000000e+08 1.557707360000000000e+08 8.521000146865844727e-01
2.928106689453125000e+03 2.911053466796875000e+03 2.907422851562500000e+03 2.930492919921875000e+03 1.373575360000000000e+08 1.585432000000000000e+08 -7.817999720573425293e-01
2.902552978515625000e+03 2.903637939453125000e+03 2.891531494140625000e+03 2.910360839843750000e+03 1.234586080000000000e+08 1.398512000000000000e+08 -2.547000050544738770e-01
2.906243408203125000e+03 2.885288330078125000e+03 2.873989990234375000e+03 2.925017822265625000e+03 1.586233600000000000e+08 1.805938240000000000e+08 -6.319000124931335449e-01
2.885613281250000000e+03 2.906168701171875000e+03 2.880654296875000000e+03 2.906609130859375000e+03 1.785874240000000000e+08 1.742345760000000000e+08 7.236999869346618652e-01
2.912520996093750000e+03 2.907060302734375000e+03 2.897927490234375000e+03 2.915041015625000000e+03 1.700046560000000000e+08 1.654967680000000000e+08 3.070000000298023224e-02
2.905395996093750000e+03 2.903194580078125000e+03 2.893417480468750000e+03 2.914486572265625000e+03 1.338622080000000000e+08 1.374496960000000000e+08 -1.330000013113021851e-01
2.902364501953125000e+03 2.889693359375000000e+03 2.883433837890625000e+03 2.909839843750000000e+03 1.195224640000000000e+08 1.226165440000000000e+08 -4.650000035762786865e-01
2.885974365234375000e+03 2.871981201171875000e+03 2.858580810546875000e+03 2.892388183593750000e+03 1.226129680000000000e+08 1.403713120000000000e+08 -6.129000186920166016e-01
2.874448486328125000e+03 2.875807128906250000e+03 2.870242431640625000e+03 2.888889648437500000e+03 1.287558080000000000e+08 1.393517600000000000e+08 1.332000046968460083e-01
2.869882080078125000e+03 2.884698730468750000e+03 2.857320312500000000e+03 2.884855957031250000e+03 1.237787440000000000e+08 1.352786080000000000e+08 3.091999888420104980e-01
2.876907958984375000e+03 2.878115722656250000e+03 2.869421875000000000e+03 2.882498046875000000e+03 1.255436560000000000e+08 1.358792160000000000e+08 -2.282000035047531128e-01
2.886516357421875000e+03 2.899468505859375000e+03 2.885079833984375000e+03 2.902001953125000000e+03 1.431631040000000000e+08 1.597365920000000000e+08 7.419000267982482910e-01
2.902278076171875000e+03 2.912013671875000000e+03 2.894751220703125000e+03 2.912013671875000000e+03 1.341288800000000000e+08 1.495073280000000000e+08 4.327000081539154053e-01
2.914457519531250000e+03 2.914477539062500000e+03 2.905250244140625000e+03 2.919588867187500000e+03 1.607965280000000000e+08 1.745464800000000000e+08 8.460000157356262207e-02
2.908943847656250000e+03 2.917315673828125000e+03 2.902789550781250000e+03 2.919201171875000000e+03 1.701240000000000000e+08 1.806172960000000000e+08 9.740000218152999878e-02
2.922602050781250000e+03 2.924417236328125000e+03 2.915000732421875000e+03 2.928256347656250000e+03 1.655410880000000000e+08 1.757160960000000000e+08 2.433999925851821899e-01
2.926341552734375000e+03 2.915697998046875000e+03 2.913475585937500000e+03 2.926341552734375000e+03 1.515342240000000000e+08 1.658455360000000000e+08 -2.901000082492828369e-01
2.937776367187500000e+03 2.967676513671875000e+03 2.935849121093750000e+03 2.969980957031250000e+03 2.119785920000000000e+08 2.340365440000000000e+08 1.782699942588806152e+00
2.970969482421875000e+03 2.984392578125000000e+03 2.958706298828125000e+03 2.984641357421875000e+03 2.118621120000000000e+08 2.376667680000000000e+08 5.633000135421752930e-01
2.985261962890625000e+03 3.022421875000000000e+03 2.982495605468750000e+03 3.039383300781250000e+03 2.930322560000000000e+08 3.020909120000000000e+08 1.274299979209899902e+00
3.021465820312500000e+03 3.017044433593750000e+03 3.011720703125000000e+03 3.033233642578125000e+03 2.440896960000000000e+08 2.591736320000000000e+08 -1.779000014066696167e-01
3.017153076171875000e+03 3.017065917968750000e+03 3.007991943359375000e+03 3.021417480468750000e+03 2.086242560000000000e+08 2.206882880000000000e+08 6.999999750405550003e-04
3.019639404296875000e+03 3.004937500000000000e+03 3.002260009765625000e+03 3.027483398437500000e+03 2.150757600000000000e+08 2.233050400000000000e+08 -4.020000100135803223e-01
2.999035644531250000e+03 2.962751220703125000e+03 2.960435058593750000e+03 3.009337890625000000e+03 2.057166240000000000e+08 2.184842720000000000e+08 -1.403900027275085449e+00
2.965825683593750000e+03 2.982680664062500000e+03 2.960683837890625000e+03 2.983819335937500000e+03 1.630302560000000000e+08 1.673666720000000000e+08 6.726999878883361816e-01
2.980427490234375000e+03 2.981880615234375000e+03 2.970657226562500000e+03 2.988292480468750000e+03 1.756540320000000000e+08 1.896085600000000000e+08 -2.679999917745590210e-02
2.981248535156250000e+03 3.007354492187500000e+03 2.980396484375000000e+03 3.007354492187500000e+03 1.824404320000000000e+08 1.955860800000000000e+08 8.543000221252441406e-01
3.006851806640625000e+03 3.005035400390625000e+03 3.003630859375000000e+03 3.036112792968750000e+03 2.471027840000000000e+08 2.581187360000000000e+08 -7.710000127553939819e-02
2.998168945312500000e+03 3.040023925781250000e+03 2.983343505859375000e+03 3.041396972656250000e+03 2.480665280000000000e+08 2.673829920000000000e+08 1.164299964904785156e+00
3.036385742187500000e+03 3.050124023437500000e+03 3.030512207031250000e+03 3.051677001953125000e+03 2.174290240000000000e+08 2.267639840000000000e+08 3.321999907493591309e-01
3.066335693359375000e+03 3.085197509765625000e+03 3.066335693359375000e+03 3.098100097656250000e+03 2.924702080000000000e+08 3.271971200000000000e+08 1.149899959564208984e+00
3.089021972656250000e+03 3.083785888671875000e+03 3.074517822265625000e+03 3.093819091796875000e+03 2.614966720000000000e+08 2.899917120000000000e+08 -4.580000042915344238e-02
3.070908691406250000e+03 3.083408203125000000e+03 3.065308837890625000e+03 3.107203125000000000e+03 3.125758400000000000e+08 3.311825600000000000e+08 -1.219999976456165314e-02
3.085488281250000000e+03 3.104801513671875000e+03 3.084329101562500000e+03 3.105450683593750000e+03 2.765831040000000000e+08 2.881592320000000000e+08 6.937999725341796875e-01
3.094239013671875000e+03 3.066892578125000000e+03 3.059131347656250000e+03 3.094239013671875000e+03 2.978725440000000000e+08 3.065174080000000000e+08 -1.220999956130981445e+00
3.082639892578125000e+03 3.094881835937500000e+03 3.080131347656250000e+03 3.097329101562500000e+03 2.434356480000000000e+08 2.717160320000000000e+08 9.125999808311462402e-01
3.102293701171875000e+03 3.092290771484375000e+03 3.081395996093750000e+03 3.105224853515625000e+03 2.104424640000000000e+08 2.415556640000000000e+08 -8.370000123977661133e-02
3.091492919921875000e+03 3.115569580078125000e+03 3.075383789062500000e+03 3.115569580078125000e+03 2.106210080000000000e+08 2.585240640000000000e+08 7.527999877929687500e-01
3.120666992187500000e+03 3.106820312500000000e+03 3.105604980468750000e+03 3.127169189453125000e+03 2.299737760000000000e+08 2.715424320000000000e+08 -2.808000147342681885e-01
3.103174804687500000e+03 3.090037841796875000e+03 3.082042480468750000e+03 3.107942626953125000e+03 2.023130240000000000e+08 2.329134400000000000e+08 -5.401999950408935547e-01
3.095734130859375000e+03 3.074081298828125000e+03 3.070884033203125000e+03 3.096371582031250000e+03 2.033754720000000000e+08 2.368433600000000000e+08 -5.163999795913696289e-01
3.081464111328125000e+03 3.075495605468750000e+03 3.067252441406250000e+03 3.091951660156250000e+03 1.903043040000000000e+08 2.422730400000000000e+08 4.600000008940696716e-02
3.082113281250000000e+03 3.095787353515625000e+03 3.070479980468750000e+03 3.096310546875000000e+03 2.104933440000000000e+08 2.711224640000000000e+08 6.597999930381774902e-01
3.085789550781250000e+03 3.052141845703125000e+03 3.051229980468750000e+03 3.085789550781250000e+03 2.348307360000000000e+08 2.862680960000000000e+08 -1.409800052642822266e+00
3.038486816406250000e+03 3.060754394531250000e+03 3.006267578125000000e+03 3.069252685546875000e+03 2.238528640000000000e+08 2.784569280000000000e+08 2.822000086307525635e-01
3.037952392578125000e+03 2.976528076171875000e+03 2.955345947265625000e+03 3.045040527343750000e+03 2.727632320000000000e+08 3.274903680000000000e+08 -2.751800060272216797e+00
2.716697753906250000e+03 2.746605712890625000e+03 2.716697753906250000e+03 2.766577392578125000e+03 2.159120960000000000e+08 2.570196000000000000e+08 -7.724500179290771484e+00
2.685269287109375000e+03 2.783287597656250000e+03 2.685269287109375000e+03 2.786164306640625000e+03 3.640462080000000000e+08 3.740684800000000000e+08 1.335500001907348633e+00
2.792371337890625000e+03 2.818087890625000000e+03 2.778864013671875000e+03 2.842742675781250000e+03 3.097618240000000000e+08 3.491841280000000000e+08 1.250300049781799316e+00
2.826885009765625000e+03 2.866509765625000000e+03 2.807608886718750000e+03 2.876587890625000000e+03 3.163921280000000000e+08 3.585825920000000000e+08 1.718299984931945801e+00
2.858932373046875000e+03 2.875963623046875000e+03 2.838770263671875000e+03 2.875963623046875000e+03 3.094796480000000000e+08 3.623841600000000000e+08 3.298000097274780273e-01
2.860499023437500000e+03 2.890487792968750000e+03 2.851050292968750000e+03 2.891847900390625000e+03 2.949297920000000000e+08 3.415203840000000000e+08 5.049999952316284180e-01
2.894541503906250000e+03 2.901674316406250000e+03 2.882242919921875000e+03 2.913815917968750000e+03 2.691683200000000000e+08 3.029568320000000000e+08 3.869999945163726807e-01
2.895556152343750000e+03 2.926899169921875000e+03 2.892424072265625000e+03 2.926899169921875000e+03 2.487334240000000000e+08 2.975344320000000000e+08 8.693000078201293945e-01
2.927144287109375000e+03 2.906073486328125000e+03 2.901242431640625000e+03 2.935406005859375000e+03 2.748048320000000000e+08 3.345263360000000000e+08 -7.114999890327453613e-01
2.899865966796875000e+03 2.917007812500000000e+03 2.899573974609375000e+03 2.926942626953125000e+03 2.506506240000000000e+08 3.080803840000000000e+08 3.763000071048736572e-01
2.924991210937500000e+03 2.983622314453125000e+03 2.924991210937500000e+03 2.983637207031250000e+03 3.131980160000000000e+08 3.670143360000000000e+08 2.283699989318847656e+00
2.981409667968750000e+03 2.984971679687500000e+03 2.960775146484375000e+03 2.990600341796875000e+03 3.116659200000000000e+08 3.749985600000000000e+08 4.520000144839286804e-02
2.979522216796875000e+03 2.975401855468750000e+03 2.971822021484375000e+03 2.998271728515625000e+03 3.151411520000000000e+08 3.813311680000000000e+08 -3.206000030040740967e-01
2.981880126953125000e+03 3.030154296875000000e+03 2.968445068359375000e+03 3.031370605468750000e+03 3.457328960000000000e+08 4.137613760000000000e+08 1.840199947357177734e+00
3.022245605468750000e+03 3.039669189453125000e+03 3.020141113281250000e+03 3.058897949218750000e+03 3.645572800000000000e+08 4.450620800000000000e+08 3.140000104904174805e-01
3.027892578125000000e+03 3.031233398437500000e+03 3.007355712890625000e+03 3.042182128906250000e+03 3.704300480000000000e+08 4.516013760000000000e+08 -2.775000035762786865e-01
2.982069580078125000e+03 3.013050048828125000e+03 2.943716796875000000e+03 3.016945800781250000e+03 4.416227520000000000e+08 5.131286400000000000e+08 -5.999000072479248047e-01
2.978419433593750000e+03 2.987928710937500000e+03 2.974942382812500000e+03 3.028778808593750000e+03 4.690495360000000000e+08 4.953414400000000000e+08 -8.338000178337097168e-01
2.992491943359375000e+03 2.991328857421875000e+03 2.980477294921875000e+03 3.009457519531250000e+03 3.505236480000000000e+08 3.959556480000000000e+08 1.137999966740608215e-01
2.924640625000000000e+03 2.880303710937500000e+03 2.878544189453125000e+03 2.948126220703125000e+03 4.012169280000000000e+08 4.326577600000000000e+08 -3.711600065231323242e+00
2.899310058593750000e+03 2.970931152343750000e+03 2.899310058593750000e+03 2.982506835937500000e+03 3.673333760000000000e+08 3.972441920000000000e+08 3.146500110626220703e+00
3.006888916015625000e+03 2.992896728515625000e+03 2.976623046875000000e+03 3.026842041015625000e+03 4.101080320000000000e+08 4.470536960000000000e+08 7.394000291824340820e-01
2.981805908203125000e+03 3.011665771484375000e+03 2.974358398437500000e+03 3.012003417968750000e+03 3.533382720000000000e+08 3.898939200000000000e+08 6.270999908447265625e-01
3.036154541015625000e+03 3.071677001953125000e+03 3.022926269531250000e+03 3.074257080078125000e+03 4.454257920000000000e+08 4.827704640000000000e+08 1.992599964141845703e+00
3.039939453125000000e+03 3.034511230468750000e+03 3.029463134765625000e+03 3.052443847656250000e+03 3.620615360000000000e+08 3.773885440000000000e+08 -1.210000038146972656e+00
2.987180419921875000e+03 2.943290771484375000e+03 2.940713867187500000e+03 2.989205078125000000e+03 4.145607360000000000e+08 4.381438400000000000e+08 -3.006099939346313477e+00
2.918934814453125000e+03 2.996761718750000000e+03 2.904798828125000000e+03 3.000296386718750000e+03 3.932966400000000000e+08 4.250171840000000000e+08 1.816699981689453125e+00
3.001761718750000000e+03 2.968517333984375000e+03 2.968517333984375000e+03 3.010028564453125000e+03 3.524709760000000000e+08 3.787666240000000000e+08 -9.424999952316284180e-01
2.936016357421875000e+03 2.923485595703125000e+03 2.906283691406250000e+03 2.944465087890625000e+03 3.077784640000000000e+08 3.282092160000000000e+08 -1.516999959945678711e+00
2.804232177734375000e+03 2.887426513671875000e+03 2.799984130859375000e+03 2.910881103515625000e+03 3.664504320000000000e+08 3.930196800000000000e+08 -1.233399987220764160e+00
2.897300781250000000e+03 2.789253662109375000e+03 2.784661621093750000e+03 2.898034912109375000e+03 3.518786560000000000e+08 3.756270080000000000e+08 -3.400000095367431641e+00
2.796283935546875000e+03 2.779640625000000000e+03 2.715221191406250000e+03 2.826906738281250000e+03 3.061496640000000000e+08 3.230128320000000000e+08 -3.445999920368194580e-01
2.792322021484375000e+03 2.728756347656250000e+03 2.728756347656250000e+03 2.815873779296875000e+03 2.911598400000000000e+08 3.186113920000000000e+08 -1.830600023269653320e+00
2.719406250000000000e+03 2.702129638671875000e+03 2.646804687500000000e+03 2.736820068359375000e+03 3.023027520000000000e+08 3.305180160000000000e+08 -9.757999777793884277e-01
2.727018554687500000e+03 2.745618164062500000e+03 2.702493408203125000e+03 2.751896484375000000e+03 2.520195040000000000e+08 2.815833600000000000e+08 1.609400033950805664e+00
2.677591064453125000e+03 2.660167480468750000e+03 2.656500732421875000e+03 2.703329589843750000e+03 2.498202560000000000e+08 2.684232480000000000e+08 -3.112299919128417969e+00
2.703019287109375000e+03 2.722437988281250000e+03 2.667133300781250000e+03 2.723406494140625000e+03 2.570219360000000000e+08 2.789992960000000000e+08 2.340899944305419922e+00
2.775303222656250000e+03 2.781591308593750000e+03 2.757801513671875000e+03 2.788635498046875000e+03 2.731444800000000000e+08 2.931912000000000000e+08 2.172800064086914062e+00
2.761895996093750000e+03 2.764910888671875000e+03 2.753428222656250000e+03 2.788503906250000000e+03 2.340840160000000000e+08 2.482797920000000000e+08 -5.996999740600585938e-01
2.792984375000000000e+03 2.772203369140625000e+03 2.771756347656250000e+03 2.805547851562500000e+03 2.407640640000000000e+08 2.536307200000000000e+08 2.637000083923339844e-01
2.739718994140625000e+03 2.747213867187500000e+03 2.723054199218750000e+03 2.759098876953125000e+03 2.397066080000000000e+08 2.506871520000000000e+08 -9.014000296592712402e-01
2.767307128906250000e+03 2.750296142578125000e+03 2.743115478515625000e+03 2.771168212890625000e+03 2.185986720000000000e+08 2.242710560000000000e+08 1.121999993920326233e-01
2.743541015625000000e+03 2.734521484375000000e+03 2.731079345703125000e+03 2.773364013671875000e+03 2.172534240000000000e+08 2.256246400000000000e+08 -5.735999941825866699e-01
2.720228515625000000e+03 2.780637939453125000e+03 2.719904296875000000e+03 2.780637939453125000e+03 2.178646080000000000e+08 2.331115680000000000e+08 1.686499953269958496e+00
2.773576416015625000e+03 2.763987304687500000e+03 2.754072998046875000e+03 2.780586914062500000e+03 2.008374080000000000e+08 2.140622080000000000e+08 -5.988000035285949707e-01
2.806967529296875000e+03 2.820763427734375000e+03 2.801838623046875000e+03 2.823276611328125000e+03 2.701981760000000000e+08 2.866278080000000000e+08 2.054100036621093750e+00
2.805916503906250000e+03 2.815368652343750000e+03 2.800296386718750000e+03 2.823213867187500000e+03 2.435153120000000000e+08 2.531596640000000000e+08 -1.913000047206878662e-01
2.825839355468750000e+03 2.825903564453125000e+03 2.820432617187500000e+03 2.832395019531250000e+03 2.381848480000000000e+08 2.473929920000000000e+08 3.741999864578247070e-01
2.827187255859375000e+03 2.796631103515625000e+03 2.789975585937500000e+03 2.833014892578125000e+03 2.334547680000000000e+08 2.463763040000000000e+08 -1.035899996757507324e+00
2.784597900390625000e+03 2.783047607421875000e+03 2.774080810546875000e+03 2.792890625000000000e+03 1.771245600000000000e+08 1.841202880000000000e+08 -4.857000112533569336e-01
2.794801025390625000e+03 2.827282958984375000e+03 2.789427978515625000e+03 2.827298095703125000e+03 2.026965760000000000e+08 2.236056960000000000e+08 1.589499950408935547e+00
2.826661865234375000e+03 2.811174072265625000e+03 2.808703857421875000e+03 2.829750244140625000e+03 2.056211520000000000e+08 2.316316320000000000e+08 -5.698000192642211914e-01
2.798429443359375000e+03 2.819935058593750000e+03 2.796838867187500000e+03 2.823338134765625000e+03 2.030037760000000000e+08 2.224326080000000000e+08 3.115999996662139893e-01
2.835558105468750000e+03 2.838494384765625000e+03 2.830021728515625000e+03 2.854959960937500000e+03 2.457367520000000000e+08 2.800252160000000000e+08 6.582000255584716797e-01
2.840408447265625000e+03 2.852552734375000000e+03 2.833261474609375000e+03 2.852989990234375000e+03 2.118470720000000000e+08 2.337593120000000000e+08 4.952999949455261230e-01
2.842237304687500000e+03 2.827013183593750000e+03 2.808021484375000000e+03 2.842237304687500000e+03 2.332358720000000000e+08 2.486885920000000000e+08 -8.952999711036682129e-01
2.814066162109375000e+03 2.843980468750000000e+03 2.808481933593750000e+03 2.843980468750000000e+03 2.173200000000000000e+08 2.327967840000000000e+08 6.001999974250793457e-01
2.850510498046875000e+03 2.838499511718750000e+03 2.835895996093750000e+03 2.853635742187500000e+03 2.487790400000000000e+08 2.626620480000000000e+08 -1.926999986171722412e-01
2.834938720703125000e+03 2.808529296875000000e+03 2.802498779296875000e+03 2.834938720703125000e+03 2.351850720000000000e+08 2.441222880000000000e+08 -1.055799961090087891e+00
2.812242187500000000e+03 2.815494628906250000e+03 2.802958007812500000e+03 2.832666259765625000e+03 2.101309760000000000e+08 2.252937120000000000e+08 2.479999959468841553e-01
2.819991455078125000e+03 2.810024414062500000e+03 2.758245849609375000e+03 2.821745117187500000e+03 2.538727520000000000e+08 2.705347520000000000e+08 -1.942999958992004395e-01
2.801383056640625000e+03 2.822442382812500000e+03 2.800737792968750000e+03 2.831764160156250000e+03 2.020618080000000000e+08 2.227202240000000000e+08 4.419000148773193359e-01
2.832384277343750000e+03 2.860082275390625000e+03 2.832384277343750000e+03 2.865590087890625000e+03 2.424552800000000000e+08 2.774409280000000000e+08 1.333600044250488281e+00
2.831632568359375000e+03 2.878140136718750000e+03 2.830653564453125000e+03 2.879263427734375000e+03 2.498266240000000000e+08 3.038900160000000000e+08 6.313999891281127930e-01
2.876472656250000000e+03 2.871523193359375000e+03 2.864581298828125000e+03 2.882022216796875000e+03 2.267369600000000000e+08 2.686074880000000000e+08 -2.299000024795532227e-01
2.882707763671875000e+03 2.895344482421875000e+03 2.879203369140625000e+03 2.903796630859375000e+03 2.268220800000000000e+08 2.765627200000000000e+08 8.295999765396118164e-01
2.901573974609375000e+03 2.894802001953125000e+03 2.884380615234375000e+03 2.914283691406250000e+03 2.251204160000000000e+08 2.719306560000000000e+08 -1.869999989867210388e-02
2.894617187500000000e+03 2.891556396484375000e+03 2.871229980468750000e+03 2.897901855468750000e+03 1.970829920000000000e+08 2.384762240000000000e+08 -1.120999976992607117e-01
2.882955078125000000e+03 2.898049560546875000e+03 2.875535400390625000e+03 2.900258789062500000e+03 1.850613120000000000e+08 2.238669120000000000e+08 2.246000021696090698e-01
2.887057617187500000e+03 2.870342285156250000e+03 2.869183105468750000e+03 2.887057617187500000e+03 1.977762080000000000e+08 2.373369760000000000e+08 -9.560999870300292969e-01
2.880706787109375000e+03 2.868458740234375000e+03 2.863369873046875000e+03 2.884219970703125000e+03 1.889835840000000000e+08 2.468781920000000000e+08 -6.560000032186508179e-02
2.872524414062500000e+03 2.875417480468750000e+03 2.862270996093750000e+03 2.889979492187500000e+03 2.260228800000000000e+08 2.890896000000000000e+08 2.425999939441680908e-01
2.897686767578125000e+03 2.898575927734375000e+03 2.887576904296875000e+03 2.900218750000000000e+03 1.972224000000000000e+08 2.562778080000000000e+08 8.054000139236450195e-01
2.896465820312500000e+03 2.883737792968750000e+03 2.876176513671875000e+03 2.896465820312500000e+03 2.105199840000000000e+08 2.691765440000000000e+08 -5.119000077247619629e-01
2.890721191406250000e+03 2.867923583984375000e+03 2.864207275390625000e+03 2.891517578125000000e+03 2.035320320000000000e+08 2.505699360000000000e+08 -5.483999848365783691e-01
2.863046142578125000e+03 2.813765380859375000e+03 2.808017578125000000e+03 2.863046142578125000e+03 2.090637120000000000e+08 2.452296000000000000e+08 -1.888399958610534668e+00
2.816240966796875000e+03 2.817969726562500000e+03 2.802465332031250000e+03 2.821497802734375000e+03 1.728855520000000000e+08 2.021153600000000000e+08 1.493999958038330078e-01
2.827896728515625000e+03 2.846547363281250000e+03 2.825900878906250000e+03 2.848337158203125000e+03 1.745623680000000000e+08 2.074278400000000000e+08 1.014099955558776855e+00
2.847319824218750000e+03 2.836803710937500000e+03 2.831927978515625000e+03 2.848996582031250000e+03 1.981493440000000000e+08 2.279344000000000000e+08 -3.422999978065490723e-01
2.838207275390625000e+03 2.846221679687500000e+03 2.820145507812500000e+03 2.861924072265625000e+03 2.075460160000000000e+08 2.392342560000000000e+08 3.319999873638153076e-01
2.835583984375000000e+03 2.852351318359375000e+03 2.829627197265625000e+03 2.855375488281250000e+03 2.067928000000000000e+08 2.337989920000000000e+08 2.153999954462051392e-01
2.871964111328125000e+03 2.915431152343750000e+03 2.871964111328125000e+03 2.917150878906250000e+03 2.601960480000000000e+08 3.074162240000000000e+08 2.211499929428100586e+00
2.916316894531250000e+03 2.921397949218750000e+03 2.909127685546875000e+03 2.926358886718750000e+03 2.561080480000000000e+08 2.944027520000000000e+08 2.046999931335449219e-01
2.930390625000000000e+03 2.923371093750000000e+03 2.922661132812500000e+03 2.942759765625000000e+03 2.556639840000000000e+08 3.004478080000000000e+08 6.750000268220901489e-02
2.931837646484375000e+03 2.919250488281250000e+03 2.910751708984375000e+03 2.932967773437500000e+03 2.266058720000000000e+08 2.543459840000000000e+08 -1.410000026226043701e-01
2.923189208984375000e+03 2.930799316406250000e+03 2.909118164062500000e+03 2.930799316406250000e+03 2.173606720000000000e+08 2.531411360000000000e+08 3.955999910831451416e-01
2.941981689453125000e+03 2.937771240234375000e+03 2.934210205078125000e+03 2.950065673828125000e+03 2.311243520000000000e+08 2.746118080000000000e+08 2.379000037908554077e-01
2.939535156250000000e+03 2.956111572265625000e+03 2.932938476562500000e+03 2.957118652343750000e+03 2.090485920000000000e+08 2.514147040000000000e+08 6.243000030517578125e-01
2.951278320312500000e+03 2.943752441406250000e+03 2.934842773437500000e+03 2.951329833984375000e+03 2.079259680000000000e+08 2.439684960000000000e+08 -4.180999994277954102e-01
2.939791503906250000e+03 2.920896728515625000e+03 2.912193115234375000e+03 2.952650878906250000e+03 2.337229440000000000e+08 2.890232640000000000e+08 -7.764000296592712402e-01
2.876802978515625000e+03 2.919740722656250000e+03 2.872616455078125000e+03 2.930254882812500000e+03 2.360086400000000000e+08 2.743217280000000000e+08 -3.959999978542327881e-02
2.908276611328125000e+03 2.890030517578125000e+03 2.890030517578125000e+03 2.922536376953125000e+03 2.432050400000000000e+08 2.933615680000000000e+08 -1.017600059509277344e+00
2.912825195312500000e+03 2.931749267578125000e+03 2.909134033203125000e+03 2.931779052734375000e+03 2.233130720000000000e+08 2.709485440000000000e+08 1.443500041961669922e+00
2.932670898437500000e+03 2.935873046875000000e+03 2.919035400390625000e+03 2.936616210937500000e+03 2.346543840000000000e+08 2.780071040000000000e+08 1.406999975442886353e-01
2.929879882812500000e+03 2.939315185546875000e+03 2.920105468750000000e+03 2.942898193359375000e+03 2.586913760000000000e+08 2.893677120000000000e+08 1.172000020742416382e-01
2.938788818359375000e+03 2.967634033203125000e+03 2.935823974609375000e+03 2.973316406250000000e+03 2.643139680000000000e+08 3.190891200000000000e+08 9.635000228881835938e-01
2.966900878906250000e+03 2.965271728515625000e+03 2.959034912109375000e+03 2.983438232421875000e+03 2.678838400000000000e+08 3.460287360000000000e+08 -7.959999889135360718e-02
2.960887451171875000e+03 2.970620361328125000e+03 2.949846923828125000e+03 2.972402587890625000e+03 2.252122080000000000e+08 3.053787840000000000e+08 1.803999990224838257e-01
2.972982666015625000e+03 2.979550537109375000e+03 2.971223388671875000e+03 2.982942382812500000e+03 2.132007360000000000e+08 2.970088000000000000e+08 3.005999922752380371e-01
2.973075683593750000e+03 2.961516357421875000e+03 2.951770263671875000e+03 2.977912109375000000e+03 2.206227360000000000e+08 2.938860160000000000e+08 -6.053000092506408691e-01
2.965105468750000000e+03 2.984674072265625000e+03 2.965105468750000000e+03 2.990825195312500000e+03 2.149572160000000000e+08 2.973123200000000000e+08 7.820000052452087402e-01
2.991181396484375000e+03 3.025980957031250000e+03 2.984984130859375000e+03 3.026186279296875000e+03 2.733131520000000000e+08 3.698838080000000000e+08 1.383999943733215332e+00
3.023718994140625000e+03 3.090569335937500000e+03 3.021673583984375000e+03 3.092443115234375000e+03 3.911280000000000000e+08 4.782164800000000000e+08 2.134500026702880859e+00
3.103995117187500000e+03 3.152812500000000000e+03 3.103995117187500000e+03 3.152812500000000000e+03 4.587938560000000000e+08 5.354893440000000000e+08 2.013999938964843750e+00
3.187839355468750000e+03 3.332880615234375000e+03 3.187839355468750000e+03 3.337272216796875000e+03 6.438789120000000000e+08 7.241536640000000000e+08 5.711299896240234375e+00
3.380953613281250000e+03 3.345336914062500000e+03 3.336241699218750000e+03 3.407081054687500000e+03 6.578401280000000000e+08 7.936384000000000000e+08 3.736999928951263428e-01
3.337551757812500000e+03 3.403440185546875000e+03 3.327706298828125000e+03 3.421531250000000000e+03 5.870816640000000000e+08 6.968076160000000000e+08 1.736799955368041992e+00
3.403483154296875000e+03 3.450593505859375000e+03 3.393637939453125000e+03 3.456972167968750000e+03 6.200017920000000000e+08 7.514068480000000000e+08 1.385499954223632812e+00
3.418934814453125000e+03 3.383322265625000000e+03 3.372506591796875000e+03 3.433108398437500000e+03 5.561200000000000000e+08 7.031975680000000000e+08 -1.949599981307983398e+00
3.379386718750000000e+03 3.443286376953125000e+03 3.369037841796875000e+03 3.458791503906250000e+03 5.580068480000000000e+08 7.173970560000000000e+08 1.772300004959106445e+00
3.435023681640625000e+03 3.414618652343750000e+03 3.366082763671875000e+03 3.451222412109375000e+03 5.432115200000000000e+08 7.073269760000000000e+08 -8.325999975204467773e-01
3.422077880859375000e+03 3.361304443359375000e+03 3.345748779296875000e+03 3.432450683593750000e+03 4.920305280000000000e+08 6.747274240000000000e+08 -1.561400055885314941e+00
3.356358886718750000e+03 3.210098632812500000e+03 3.209727294921875000e+03 3.373531738281250000e+03 4.906131200000000000e+08 6.794683520000000000e+08 -4.498400211334228516e+00
3.214402099609375000e+03 3.214128662109375000e+03 3.181274414062500000e+03 3.252778564453125000e+03 3.596524160000000000e+08 4.865361280000000000e+08 1.254999935626983643e-01
3.243910400390625000e+03 3.314148925781250000e+03 3.220684082031250000e+03 3.314148925781250000e+03 4.185552960000000000e+08 5.440456320000000000e+08 3.111900091171264648e+00
3.330546630859375000e+03 3.320894775390625000e+03 3.300572021484375000e+03 3.336679199218750000e+03 3.592520320000000000e+08 4.888621760000000000e+08 2.035000026226043701e-01
3.315181640625000000e+03 3.333163574218750000e+03 3.311786132812500000e+03 3.381975585937500000e+03 3.933353280000000000e+08 5.405770240000000000e+08 3.693999946117401123e-01
3.306148925781250000e+03 3.325110107421875000e+03 3.257826904296875000e+03 3.336300292968750000e+03 4.070424960000000000e+08 5.468871040000000000e+08 -2.416000068187713623e-01
3.310645019531250000e+03 3.196768310546875000e+03 3.184964599609375000e+03 3.319126708984375000e+03 4.270540160000000000e+08 5.843118720000000000e+08 -3.859800100326538086e+00
3.210386230468750000e+03 3.205226806640625000e+03 3.174658203125000000e+03 3.221984619140625000e+03 2.993190080000000000e+08 4.022319040000000000e+08 2.646000087261199951e-01
3.226132812500000000e+03 3.227960449218750000e+03 3.208493896484375000e+03 3.245296630859375000e+03 2.893778560000000000e+08 3.898736960000000000e+08 7.092999815940856934e-01
3.221988281250000000e+03 3.294552001953125000e+03 3.209990234375000000e+03 3.294552001953125000e+03 3.249240640000000000e+08 4.530944000000000000e+08 2.062999963760375977e+00
3.299571777343750000e+03 3.286822021484375000e+03 3.282161621093750000e+03 3.312450683593750000e+03 3.407041280000000000e+08 4.769740160000000000e+08 -2.345999926328659058e-01
3.280795898437500000e+03 3.310006591796875000e+03 3.261613525390625000e+03 3.333785888671875000e+03 3.537589760000000000e+08 4.957780480000000000e+08 7.053999900817871094e-01
3.332182617187500000e+03 3.367965820312500000e+03 3.327677246093750000e+03 3.368102783203125000e+03 4.074608640000000000e+08 5.724307840000000000e+08 1.751000046730041504e+00
3.376440185546875000e+03 3.371687500000000000e+03 3.352501708984375000e+03 3.391074218750000000e+03 4.423285440000000000e+08 6.049421440000000000e+08 1.105000004172325134e-01
3.363332519531250000e+03 3.377564697265625000e+03 3.333876953125000000e+03 3.383636474609375000e+03 3.858230400000000000e+08 5.265150400000000000e+08 1.743000000715255737e-01
3.380762207031250000e+03 3.386463134765625000e+03 3.334333984375000000e+03 3.392704833984375000e+03 4.153024960000000000e+08 5.704882560000000000e+08 2.635000050067901611e-01
3.370587890625000000e+03 3.354035156250000000e+03 3.307712646484375000e+03 3.374133056640625000e+03 4.039296320000000000e+08 5.614356480000000000e+08 -9.575999975204467773e-01
3.341527587890625000e+03 3.379252441406250000e+03 3.335042724609375000e+03 3.399932373046875000e+03 3.813796160000000000e+08 5.270839360000000000e+08 7.518000006675720215e-01
3.379487304687500000e+03 3.340290039062500000e+03 3.336094482421875000e+03 3.409058837890625000e+03 4.004527040000000000e+08 5.140207680000000000e+08 -1.152999997138977051e+00
3.327492919921875000e+03 3.319265625000000000e+03 3.263265380859375000e+03 3.335729003906250000e+03 3.783289600000000000e+08 4.807312320000000000e+08 -6.294000148773193359e-01
3.328175292968750000e+03 3.320726074218750000e+03 3.309462890625000000e+03 3.338151855468750000e+03 3.242912640000000000e+08 3.871623040000000000e+08 4.399999976158142090e-02
3.315668701171875000e+03 3.360098876953125000e+03 3.302735595703125000e+03 3.362026611328125000e+03 3.059983680000000000e+08 3.674674240000000000e+08 1.185700058937072754e+00
3.373901855468750000e+03 3.438801025390625000e+03 3.369374267578125000e+03 3.450898681640625000e+03 4.345982720000000000e+08 5.374250880000000000e+08 2.342299938201904297e+00
3.441933593750000000e+03 3.451089355468750000e+03 3.432640136718750000e+03 3.456720703125000000e+03 3.807292800000000000e+08 4.930521600000000000e+08 3.573000133037567139e-01
3.444564697265625000e+03 3.408128906250000000e+03 3.406164306640625000e+03 3.454461181640625000e+03 4.057222080000000000e+08 4.982621440000000000e+08 -1.244799971580505371e+00
3.385964599609375000e+03 3.363898681640625000e+03 3.352776611328125000e+03 3.394556884765625000e+03 3.356009920000000000e+08 4.018155520000000000e+08 -1.297799944877624512e+00
3.380226806640625000e+03 3.380682617187500000e+03 3.358000488281250000e+03 3.393917480468750000e+03 2.874883520000000000e+08 3.612817600000000000e+08 4.988999962806701660e-01
3.391113281250000000e+03 3.385638183593750000e+03 3.368025878906250000e+03 3.396566406250000000e+03 2.662278400000000000e+08 3.456833920000000000e+08 1.465999931097030640e-01
3.392879638671875000e+03 3.373578125000000000e+03 3.364160156250000000e+03 3.408869628906250000e+03 2.771134080000000000e+08 3.559977920000000000e+08 -3.562000095844268799e-01
3.371808349609375000e+03 3.329738769531250000e+03 3.320135498046875000e+03 3.382603271484375000e+03 2.944510400000000000e+08 3.819288960000000000e+08 -1.299499988555908203e+00
3.333490966796875000e+03 3.350112792968750000e+03 3.312985839843750000e+03 3.351832519531250000e+03 2.370993600000000000e+08 3.171533760000000000e+08 6.118999719619750977e-01
3.346289306640625000e+03 3.403806640625000000e+03 3.339649414062500000e+03 3.405876708984375000e+03 2.713255360000000000e+08 3.793670400000000000e+08 1.602699995040893555e+00
3.416549804687500000e+03 3.395677490234375000e+03 3.395467529296875000e+03 3.442736328125000000e+03 3.234738880000000000e+08 4.369301120000000000e+08 -2.388000041246414185e-01
3.389742431640625000e+03 3.410606689453125000e+03 3.381710693359375000e+03 3.410606689453125000e+03 2.469992480000000000e+08 3.268509440000000000e+08 4.397000074386596680e-01
3.420469238281250000e+03 3.404801757812500000e+03 3.377211181640625000e+03 3.421395996093750000e+03 2.615463200000000000e+08 3.456389760000000000e+08 -1.702000051736831665e-01
3.404031982421875000e+03 3.384980712890625000e+03 3.374263427734375000e+03 3.425629394531250000e+03 2.553462720000000000e+08 3.507065600000000000e+08 -5.821999907493591309e-01
3.336407714843750000e+03 3.355366699218750000e+03 3.328551757812500000e+03 3.360106201171875000e+03 2.216365440000000000e+08 3.081796480000000000e+08 -8.748999834060668945e-01
3.349918457031250000e+03 3.292590820312500000e+03 3.285632568359375000e+03 3.368244628906250000e+03 2.606165600000000000e+08 3.577264640000000000e+08 -1.870900034904479980e+00
3.301217285156250000e+03 3.316416992187500000e+03 3.276443115234375000e+03 3.324392822265625000e+03 2.710662720000000000e+08 3.202298880000000000e+08 7.235999703407287598e-01
3.280997314453125000e+03 3.254627929687500000e+03 3.238560546875000000e+03 3.289614746093750000e+03 3.515097600000000000e+08 3.410545280000000000e+08 -1.863100051879882812e+00
3.282231933593750000e+03 3.234823486328125000e+03 3.227643554687500000e+03 3.285473144531250000e+03 3.124728000000000000e+08 3.096767360000000000e+08 -6.085000038146972656e-01
3.225783691406250000e+03 3.260346191406250000e+03 3.220536376953125000e+03 3.262497558593750000e+03 2.216988320000000000e+08 2.548449920000000000e+08 7.889999747276306152e-01
3.275918212890625000e+03 3.278813720703125000e+03 3.261147949218750000e+03 3.283532470703125000e+03 2.139241440000000000e+08 2.692199040000000000e+08 5.663999915122985840e-01
3.277128417968750000e+03 3.295679443359375000e+03 3.263752197265625000e+03 3.297690429687500000e+03 1.976844000000000000e+08 2.517638720000000000e+08 5.144000053405761719e-01
3.293167724609375000e+03 3.283924316406250000e+03 3.271074951171875000e+03 3.302455566406250000e+03 2.004433600000000000e+08 2.422708960000000000e+08 -3.567000031471252441e-01
3.277323730468750000e+03 3.270435058593750000e+03 3.248499023437500000e+03 3.290409423828125000e+03 2.029319680000000000e+08 2.793110400000000000e+08 -4.108000099658966064e-01
3.270910888671875000e+03 3.338089599609375000e+03 3.268525878906250000e+03 3.338324218750000000e+03 2.562607840000000000e+08 3.370258880000000000e+08 2.068700075149536133e+00
3.348898681640625000e+03 3.316935058593750000e+03 3.313071289062500000e+03 3.350589355468750000e+03 2.165030880000000000e+08 2.876912960000000000e+08 -6.337000131607055664e-01
3.290665527343750000e+03 3.274301513671875000e+03 3.265702392578125000e+03 3.320227783203125000e+03 2.140150720000000000e+08 2.691132800000000000e+08 -1.285300016403198242e+00
3.278835693359375000e+03 3.279710449218750000e+03 3.264890625000000000e+03 3.289762451171875000e+03 1.691780640000000000e+08 2.407424320000000000e+08 1.651999950408935547e-01
3.262878906250000000e+03 3.223176513671875000e+03 3.221236572265625000e+03 3.265345214843750000e+03 2.067360160000000000e+08 2.582599200000000000e+08 -1.723799943923950195e+00
3.234373779296875000e+03 3.219417968750000000e+03 3.208034912109375000e+03 3.239466308593750000e+03 1.648224160000000000e+08 2.206744800000000000e+08 -1.165999993681907654e-01
3.224976806640625000e+03 3.217534667968750000e+03 3.210892578125000000e+03 3.238182617187500000e+03 1.559827840000000000e+08 2.096723840000000000e+08 -5.849999934434890747e-02
3.231854980468750000e+03 3.224359375000000000e+03 3.219790283203125000e+03 3.242793701171875000e+03 1.513498720000000000e+08 2.073078080000000000e+08 2.120999991893768311e-01
3.232710449218750000e+03 3.218052001953125000e+03 3.202343505859375000e+03 3.244913330078125000e+03 1.535044640000000000e+08 2.057628640000000000e+08 -1.956000030040740967e-01
3.262610595703125000e+03 3.272076171875000000e+03 3.260187255859375000e+03 3.280512451171875000e+03 1.883256480000000000e+08 2.641710400000000000e+08 1.678799986839294434e+00
3.287328125000000000e+03 3.358465087890625000e+03 3.286111083984375000e+03 3.359152587890625000e+03 2.596224000000000000e+08 3.557001280000000000e+08 2.640199899673461914e+00
3.353121337890625000e+03 3.359750000000000000e+03 3.334498779296875000e+03 3.361831542968750000e+03 2.049260960000000000e+08 2.885058240000000000e+08 3.830000013113021851e-02
3.353624755859375000e+03 3.340778320312500000e+03 3.332963378906250000e+03 3.353624755859375000e+03 1.986593760000000000e+08 2.811600000000000000e+08 -5.647000074386596680e-01
3.342922119140625000e+03 3.332183105468750000e+03 3.330001464843750000e+03 3.354578369140625000e+03 1.910312800000000000e+08 2.638486720000000000e+08 -2.572999894618988037e-01
3.334456787109375000e+03 3.336358154296875000e+03 3.319110107421875000e+03 3.348954345703125000e+03 1.942954240000000000e+08 2.534480320000000000e+08 1.253000050783157349e-01
3.351096191406250000e+03 3.312666992187500000e+03 3.307840820312500000e+03 3.371086181640625000e+03 2.123035360000000000e+08 2.838827840000000000e+08 -7.100999951362609863e-01
3.307149902343750000e+03 3.328102783203125000e+03 3.293766113281250000e+03 3.328102783203125000e+03 1.650847680000000000e+08 2.278233600000000000e+08 4.659999907016754150e-01
3.332146972656250000e+03 3.325024658203125000e+03 3.304169189453125000e+03 3.332146972656250000e+03 1.776321120000000000e+08 2.468481440000000000e+08 -9.250000119209289551e-02
3.315820556640625000e+03 3.312500488281250000e+03 3.281366210937500000e+03 3.320878662109375000e+03 1.659499840000000000e+08 2.364282560000000000e+08 -3.767000138759613037e-01
3.308158203125000000e+03 3.277997314453125000e+03 3.276619628906250000e+03 3.326048828125000000e+03 1.742089760000000000e+08 2.499128800000000000e+08 -1.041599988937377930e+00
3.258702880859375000e+03 3.251118896484375000e+03 3.226601806640625000e+03 3.264446289062500000e+03 1.677317920000000000e+08 2.354624640000000000e+08 -8.199999928474426270e-01
3.240739501953125000e+03 3.254315673828125000e+03 3.235544189453125000e+03 3.258336914062500000e+03 1.491155680000000000e+08 2.174874240000000000e+08 9.830000251531600952e-02
3.256222412109375000e+03 3.269238037109375000e+03 3.238382080078125000e+03 3.275871337890625000e+03 1.731819680000000000e+08 2.562134560000000000e+08 4.584999978542327881e-01
3.235764648437500000e+03 3.272727294921875000e+03 3.231124267578125000e+03 3.289765380859375000e+03 1.847035840000000000e+08 2.786056640000000000e+08 1.067000031471252441e-01
3.278631103515625000e+03 3.224532470703125000e+03 3.219421630859375000e+03 3.279856201171875000e+03 2.301888000000000000e+08 3.289172480000000000e+08 -1.472599983215332031e+00
3.228715087890625000e+03 3.225119628906250000e+03 3.209909423828125000e+03 3.242804199218750000e+03 2.267791360000000000e+08 3.253218560000000000e+08 1.820000074803829193e-02
3.239806396484375000e+03 3.271074462890625000e+03 3.237854003906250000e+03 3.278380615234375000e+03 2.152978560000000000e+08 3.037301440000000000e+08 1.424900054931640625e+00
3.273432617187500000e+03 3.277440185546875000e+03 3.254111328125000000e+03 3.286621093750000000e+03 1.885141280000000000e+08 2.707238400000000000e+08 1.946000009775161743e-01
3.305579833984375000e+03 3.320133300781250000e+03 3.291600097656250000e+03 3.320407958984375000e+03 2.268014560000000000e+08 3.162927040000000000e+08 1.302600026130676270e+00
3.326464599609375000e+03 3.312158935546875000e+03 3.292150634765625000e+03 3.326464599609375000e+03 2.348641280000000000e+08 3.254850560000000000e+08 -2.401999980211257935e-01
3.329428466796875000e+03 3.373733642578125000e+03 3.329428466796875000e+03 3.380823486328125000e+03 3.102197760000000000e+08 4.299489280000000000e+08 1.859099984169006348e+00
3.387621826171875000e+03 3.360148437500000000e+03 3.346171386718750000e+03 3.387621826171875000e+03 2.787011200000000000e+08 3.900083840000000000e+08 -4.027000069618225098e-01
3.354024658203125000e+03 3.342202392578125000e+03 3.339040771484375000e+03 3.365835937500000000e+03 2.712046400000000000e+08 3.558020800000000000e+08 -5.340999960899353027e-01
3.344456298828125000e+03 3.338678710937500000e+03 3.329485107421875000e+03 3.350284912109375000e+03 2.165013120000000000e+08 2.869274240000000000e+08 -1.054000034928321838e-01
3.327229248046875000e+03 3.310104492187500000e+03 3.291642578125000000e+03 3.327229248046875000e+03 2.278983680000000000e+08 3.015279680000000000e+08 -8.558999896049499512e-01
3.325620849609375000e+03 3.346969238281250000e+03 3.313646972656250000e+03 3.346969238281250000e+03 2.795937600000000000e+08 3.337505920000000000e+08 1.113700032234191895e+00
3.347151367187500000e+03 3.339895019531250000e+03 3.323950683593750000e+03 3.347697998046875000e+03 2.836324800000000000e+08 3.536233600000000000e+08 -2.114000022411346436e-01
3.337331542968750000e+03 3.347303466796875000e+03 3.333991699218750000e+03 3.358893798828125000e+03 2.875312640000000000e+08 3.587453760000000000e+08 2.217999994754791260e-01
3.339086425781250000e+03 3.363087646484375000e+03 3.330449707031250000e+03 3.367332763671875000e+03 2.532629920000000000e+08 3.195201920000000000e+08 4.715000092983245850e-01
3.359596679687500000e+03 3.377726806640625000e+03 3.356308593750000000e+03 3.380148925781250000e+03 2.612712160000000000e+08 3.126597760000000000e+08 4.352999925613403320e-01
3.384104003906250000e+03 3.414489990234375000e+03 3.377986083984375000e+03 3.431652832031250000e+03 3.738720320000000000e+08 4.315043840000000000e+08 1.088400006294250488e+00
3.407408691406250000e+03 3.402822509765625000e+03 3.396243652343750000e+03 3.413926269531250000e+03 3.009941440000000000e+08 3.595057920000000000e+08 -3.416999876499176025e-01
3.417514892578125000e+03 3.362327392578125000e+03 3.362327392578125000e+03 3.423485351562500000e+03 3.221102080000000000e+08 3.834777920000000000e+08 -1.190000057220458984e+00
3.360060791015625000e+03 3.369733398437500000e+03 3.344282226562500000e+03 3.371453613281250000e+03 2.558868160000000000e+08 3.173086400000000000e+08 2.203000038862228394e-01
3.373843505859375000e+03 3.408307128906250000e+03 3.364491943359375000e+03 3.408307128906250000e+03 2.806498880000000000e+08 3.260695360000000000e+08 1.144700050354003906e+00
3.418158203125000000e+03 3.391755126953125000e+03 3.391755126953125000e+03 3.456736572265625000e+03 3.849899520000000000e+08 4.545005760000000000e+08 -4.855999946594238281e-01
3.388986816406250000e+03 3.451938476562500000e+03 3.386911376953125000e+03 3.457635498046875000e+03 3.161889920000000000e+08 3.852507520000000000e+08 1.774399995803833008e+00
3.453518066406250000e+03 3.449380615234375000e+03 3.435871093750000000e+03 3.465728759765625000e+03 3.128111040000000000e+08 3.833408320000000000e+08 -7.410000264644622803e-02
3.448540283203125000e+03 3.442135986328125000e+03 3.428804443359375000e+03 3.452161132812500000e+03 2.984599360000000000e+08 3.524222720000000000e+08 -2.099999934434890747e-01
3.436729003906250000e+03 3.444581298828125000e+03 3.417048339843750000e+03 3.448403564453125000e+03 2.562767040000000000e+08 3.293932160000000000e+08 7.100000232458114624e-02
3.446647705078125000e+03 3.416603759765625000e+03 3.414314208984375000e+03 3.449578125000000000e+03 2.545225120000000000e+08 3.368368000000000000e+08 -8.122000098228454590e-01
3.417693603515625000e+03 3.410177001953125000e+03 3.403026367187500000e+03 3.428661865234375000e+03 2.269073280000000000e+08 3.046350400000000000e+08 -1.880999952554702759e-01
3.416078125000000000e+03 3.371964111328125000e+03 3.371915527343750000e+03 3.422535888671875000e+03 2.607474240000000000e+08 3.393177920000000000e+08 -1.120599985122680664e+00
3.365730957031250000e+03 3.373275878906250000e+03 3.357753173828125000e+03 3.384887451171875000e+03 2.473083040000000000e+08 3.216163520000000000e+08 3.889999911189079285e-02
3.381008056640625000e+03 3.347190917968750000e+03 3.325172119140625000e+03 3.383178222656250000e+03 2.986171520000000000e+08 3.798488000000000000e+08 -7.732999920845031738e-01
3.349533935546875000e+03 3.369120117187500000e+03 3.338626220703125000e+03 3.371129150390625000e+03 2.398079200000000000e+08 3.162291200000000000e+08 6.550999879837036133e-01
3.366581298828125000e+03 3.367232666015625000e+03 3.348419189453125000e+03 3.373557861328125000e+03 2.256674080000000000e+08 3.152897280000000000e+08 -5.600000172853469849e-02
3.371263183593750000e+03 3.366983154296875000e+03 3.359170410156250000e+03 3.378662597656250000e+03 2.208139840000000000e+08 3.088233920000000000e+08 -7.400000002235174179e-03
3.367277099609375000e+03 3.404873291015625000e+03 3.354011230468750000e+03 3.406154785156250000e+03 2.754636160000000000e+08 3.647404800000000000e+08 1.125300049781799316e+00
3.400485595703125000e+03 3.394895996093750000e+03 3.382750732421875000e+03 3.413813476562500000e+03 2.809926400000000000e+08 3.540273920000000000e+08 -2.930000126361846924e-01
3.394394531250000000e+03 3.420569335937500000e+03 3.381115722656250000e+03 3.423608886718750000e+03 2.837598080000000000e+08 3.838989440000000000e+08 7.562000155448913574e-01
3.410967773437500000e+03 3.356782226562500000e+03 3.353858154296875000e+03 3.415753906250000000e+03 3.230376640000000000e+08 4.321995520000000000e+08 -1.864799976348876953e+00
3.362472167968750000e+03 3.382319580078125000e+03 3.360201904296875000e+03 3.394208984375000000e+03 2.995235200000000000e+08 4.132547840000000000e+08 7.608000040054321289e-01
3.382193115234375000e+03 3.363113281250000000e+03 3.354021484375000000e+03 3.394074707031250000e+03 2.750444480000000000e+08 3.633211520000000000e+08 -5.677999854087829590e-01
3.351790039062500000e+03 3.396562500000000000e+03 3.348345214843750000e+03 3.397006591796875000e+03 2.945468800000000000e+08 3.590944320000000000e+08 9.945999979972839355e-01
3.396358886718750000e+03 3.397285400390625000e+03 3.383654052734375000e+03 3.412519287109375000e+03 3.161815360000000000e+08 3.981599680000000000e+08 2.129999920725822449e-02
3.399293945312500000e+03 3.379036132812500000e+03 3.376087646484375000e+03 3.407088378906250000e+03 3.117691840000000000e+08 3.821025600000000000e+08 -5.371999740600585938e-01
3.375008544921875000e+03 3.414452636718750000e+03 3.374415527343750000e+03 3.414453857421875000e+03 2.910235520000000000e+08 3.775423360000000000e+08 1.048099994659423828e+00
3.419726806640625000e+03 3.473069335937500000e+03 3.419726806640625000e+03 3.474918212890625000e+03 3.356739200000000000e+08 4.504823040000000000e+08 1.716699957847595215e+00
3.474679199218750000e+03 3.502958496093750000e+03 3.457206054687500000e+03 3.511655517578125000e+03 3.807907840000000000e+08 5.233677120000000000e+08 8.605999946594238281e-01
3.492191162109375000e+03 3.528676757812500000e+03 3.484715087890625000e+03 3.528676757812500000e+03 4.079959360000000000e+08 5.680194560000000000e+08 7.342000007629394531e-01
3.530907226562500000e+03 3.550876708984375000e+03 3.513126220703125000e+03 3.556802246093750000e+03 3.702309120000000000e+08 5.217995200000000000e+08 6.291000247001647949e-01
3.552908691406250000e+03 3.576204589843750000e+03 3.526617431640625000e+03 3.576204589843750000e+03 4.053482240000000000e+08 5.457096320000000000e+08 7.132999897003173828e-01
3.577692382812500000e+03 3.570108154296875000e+03 3.544891113281250000e+03 3.588062500000000000e+03 3.455578880000000000e+08 5.021708160000000000e+08 -1.704999953508377075e-01
3.571321289062500000e+03 3.531497802734375000e+03 3.516986083984375000e+03 3.597702148437500000e+03 3.624791680000000000e+08 5.268959360000000000e+08 -1.081500053405761719e+00
3.518010498046875000e+03 3.608338867187500000e+03 3.517468994140625000e+03 3.608338867187500000e+03 3.234061440000000000e+08 4.857712000000000000e+08 2.175899982452392578e+00
3.613281005859375000e+03 3.598651855468750000e+03 3.575594482421875000e+03 3.622347412109375000e+03 3.881277760000000000e+08 5.548534400000000000e+08 -2.685000002384185791e-01
3.584932373046875000e+03 3.565904541015625000e+03 3.559600097656250000e+03 3.599058349609375000e+03 3.476668160000000000e+08 5.113250880000000000e+08 -9.100000262260437012e-01
3.566284667968750000e+03 3.566377685546875000e+03 3.533788085937500000e+03 3.589265380859375000e+03 3.246127360000000000e+08 4.803437760000000000e+08 1.329999975860118866e-02
3.554797607421875000e+03 3.596223632812500000e+03 3.544261474609375000e+03 3.608766601562500000e+03 3.016525760000000000e+08 4.517407040000000000e+08 8.368999958038330078e-01
3.596356445312500000e+03 3.566381347656250000e+03 3.553023681640625000e+03 3.603147705078125000e+03 3.234395520000000000e+08 4.674025920000000000e+08 -8.298000097274780273e-01
3.564121093750000000e+03 3.583092041015625000e+03 3.556442382812500000e+03 3.589962402343750000e+03 2.722716480000000000e+08 3.971447680000000000e+08 4.686000049114227295e-01
3.590924804687500000e+03 3.621264160156250000e+03 3.585801757812500000e+03 3.636244384765625000e+03 3.274670080000000000e+08 4.698552320000000000e+08 1.065299987792968750e+00
3.616540039062500000e+03 3.606749511718750000e+03 3.585033935546875000e+03 3.616540039062500000e+03 3.244630720000000000e+08 4.854521920000000000e+08 -4.007999897003173828e-01
3.605361083984375000e+03 3.624238037109375000e+03 3.591020507812500000e+03 3.637100097656250000e+03 3.273410560000000000e+08 5.272573440000000000e+08 4.848999977111816406e-01
3.610968505859375000e+03 3.569428955078125000e+03 3.564741455078125000e+03 3.610968505859375000e+03 2.781398720000000000e+08 4.363266560000000000e+08 -1.512300014495849609e+00
3.567548583984375000e+03 3.573341308593750000e+03 3.546491943359375000e+03 3.578796875000000000e+03 2.641071680000000000e+08 3.962704000000000000e+08 1.096000000834465027e-01
3.534668457031250000e+03 3.505175781250000000e+03 3.496878906250000000e+03 3.549543945312500000e+03 2.708624640000000000e+08 3.915744000000000000e+08 -1.907600045204162598e+00
3.521717529296875000e+03 3.483069091796875000e+03 3.446547119140625000e+03 3.531598144531250000e+03 2.936626560000000000e+08 4.165286080000000000e+08 -6.306999921798706055e-01
3.477171386718750000e+03 3.505283691406250000e+03 3.469875000000000000e+03 3.506388916015625000e+03 2.775679040000000000e+08 3.714730560000000000e+08 6.377999782562255859e-01
3.510808349609375000e+03 3.533684814453125000e+03 3.495568115234375000e+03 3.535501953125000000e+03 2.645406240000000000e+08 3.841278400000000000e+08 8.101999759674072266e-01
3.531148925781250000e+03 3.517308105468750000e+03 3.508506835937500000e+03 3.544009277343750000e+03 2.973517120000000000e+08 4.137314560000000000e+08 -4.634999930858612061e-01
3.503778564453125000e+03 3.501859130859375000e+03 3.465770507812500000e+03 3.524721923828125000e+03 2.988348480000000000e+08 4.187425600000000000e+08 -4.392000138759613037e-01
3.509487304687500000e+03 3.496333007812500000e+03 3.492962402343750000e+03 3.536541748046875000e+03 2.901461760000000000e+08 3.973919040000000000e+08 -1.578000038862228394e-01
3.504562988281250000e+03 3.532446777343750000e+03 3.492128662109375000e+03 3.542207519531250000e+03 2.497996160000000000e+08 3.591873280000000000e+08 1.032899975776672363e+00
3.539772705078125000e+03 3.603489013671875000e+03 3.528675537109375000e+03 3.604011230468750000e+03 2.538217600000000000e+08 3.715679680000000000e+08 2.011100053787231445e+00
3.612612548828125000e+03 3.655087890625000000e+03 3.612504882812500000e+03 3.662765380859375000e+03 2.579408320000000000e+08 3.926433920000000000e+08 1.431900024414062500e+00
3.721086425781250000e+03 3.675357177734375000e+03 3.663663818359375000e+03 3.731687011718750000e+03 3.403090560000000000e+08 4.835465600000000000e+08 5.544999837875366211e-01
3.661783447265625000e+03 3.696167968750000000e+03 3.634014892578125000e+03 3.699650146484375000e+03 3.610598080000000000e+08 4.849902080000000000e+08 5.662000179290771484e-01
3.707191162109375000e+03 3.642444824218750000e+03 3.642444824218750000e+03 3.717266845703125000e+03 4.888214720000000000e+08 5.993230720000000000e+08 -1.453500032424926758e+00
3.617701416015625000e+03 3.636357421875000000e+03 3.617701416015625000e+03 3.672151123046875000e+03 3.988731840000000000e+08 4.796318080000000000e+08 -1.670999974012374878e-01
3.638935791015625000e+03 3.564079833984375000e+03 3.531593505859375000e+03 3.645647460937500000e+03 3.621589440000000000e+08 4.844304000000000000e+08 -1.987599968910217285e+00
3.595542480468750000e+03 3.585045898437500000e+03 3.568473388671875000e+03 3.608556884765625000e+03 3.662322880000000000e+08 4.447350080000000000e+08 5.882999897003173828e-01
3.514564697265625000e+03 3.509080322265625000e+03 3.500703613281250000e+03 3.550405517578125000e+03 3.332800640000000000e+08 4.244859200000000000e+08 -2.118999958038330078e+00
3.531480224609375000e+03 3.551399902343750000e+03 3.511988769531250000e+03 3.552566406250000000e+03 3.154875200000000000e+08 4.024770560000000000e+08 1.205999970436096191e+00
3.566852050781250000e+03 3.508591308593750000e+03 3.485363525390625000e+03 3.566852050781250000e+03 3.398304960000000000e+08 4.276804480000000000e+08 -1.205399990081787109e+00
3.500157714843750000e+03 3.576904541015625000e+03 3.498719238281250000e+03 3.577621826171875000e+03 3.476568320000000000e+08 4.154903360000000000e+08 1.947000026702880859e+00
3.546640625000000000e+03 3.503491699218750000e+03 3.487375732421875000e+03 3.552202392578125000e+03 3.936161280000000000e+08 4.622337280000000000e+08 -2.052400112152099609e+00
3.463308593750000000e+03 3.501986816406250000e+03 3.456666748046875000e+03 3.523568115234375000e+03 3.564092160000000000e+08 4.088498880000000000e+08 -4.300000146031379700e-02
3.524982910156250000e+03 3.421414062500000000e+03 3.421215332031250000e+03 3.542303955078125000e+03 3.870479680000000000e+08 4.538592000000000000e+08 -2.300800085067749023e+00
