3.288388916015625000e+03
3.267737304687500000e+03
3.250575927734375000e+03
3.255479003906250000e+03
3.269581054687500000e+03
3.272580078125000000e+03
3.247551025390625000e+03
3.250642578125000000e+03
3.287029541015625000e+03
3.289145507812500000e+03
3.321730957031250000e+03
3.311201660156250000e+03
3.355354003906250000e+03
3.342511230468750000e+03
3.328584472656250000e+03
3.324507080078125000e+03
3.299961425781250000e+03
3.329490722656250000e+03
3.322325195312500000e+03
3.328593750000000000e+03
3.338630371093750000e+03
3.347676025390625000e+03
3.373657470703125000e+03
3.361718994140625000e+03
3.336427246093750000e+03
3.340698242187500000e+03
3.366863037109375000e+03
3.356599609375000000e+03
3.395608398437500000e+03
3.390029541015625000e+03
3.382045654296875000e+03
3.380608886718750000e+03
3.359696044921875000e+03
3.354703613281250000e+03
3.329546875000000000e+03
3.331416992187500000e+03
3.315403320312500000e+03
3.333733642578125000e+03
3.331371093750000000e+03
3.331660888671875000e+03
3.358453369140625000e+03
3.349282226562500000e+03
3.367162353515625000e+03
3.327322021484375000e+03
3.348835937500000000e+03
3.335575683593750000e+03
3.359220703125000000e+03
3.359174072265625000e+03
3.347083496093750000e+03
3.371893310546875000e+03
3.409802001953125000e+03
3.424944335937500000e+03
3.437311035156250000e+03
3.448818847656250000e+03
3.461907714843750000e+03
3.454256835937500000e+03
3.429388916015625000e+03
3.478526367187500000e+03
3.468196044921875000e+03
3.445996826171875000e+03
3.446915527343750000e+03
3.465821777343750000e+03
3.444644775390625000e+03
3.456082519531250000e+03
3.480395507812500000e+03
3.465360107421875000e+03
3.475126464843750000e+03
3.439323486328125000e+03
3.442639160156250000e+03
3.399461914062500000e+03
3.387428466796875000e+03
3.405579589843750000e+03
3.425018310546875000e+03
3.412527099609375000e+03
3.400351562500000000e+03
3.400856201171875000e+03
3.426061035156250000e+03
3.468870117187500000e+03
3.496864501953125000e+03
3.507122802734375000e+03
3.511132568359375000e+03
3.477440429687500000e+03
3.474775634765625000e+03
3.432344238281250000e+03
3.452835205078125000e+03
3.403966552734375000e+03
3.436309082031250000e+03
3.408053222656250000e+03
3.453093750000000000e+03
3.405480712890625000e+03
3.404520996093750000e+03
